(
(3.0000E+002 ( (1.026676E+003 1.137975E-001) (1.026676E+004 1.137973E+000) (2.053351E+004 2.275945E+000) ))
(3.2000E+002 ( (1.026676E+003 1.066851E-001) (1.026676E+004 1.066850E+000) (2.053351E+004 2.133698E+000) ))
(3.4000E+002 ( (1.026676E+003 1.004095E-001) (1.026676E+004 1.004094E+000) (2.053351E+004 2.008186E+000) ))
(3.6000E+002 ( (1.026676E+003 9.483118E-002) (1.026676E+004 9.483106E-001) (2.053351E+004 1.896620E+000) ))
(3.8000E+002 ( (1.026676E+003 8.984006E-002) (1.026676E+004 8.983995E-001) (2.053351E+004 1.796798E+000) ))
(4.0000E+002 ( (1.026676E+003 8.534804E-002) (1.026676E+004 8.534794E-001) (2.053351E+004 1.706958E+000) ))
(4.2000E+002 ( (1.026676E+003 8.128383E-002) (1.026676E+004 8.128374E-001) (2.053351E+004 1.625674E+000) ))
(4.4000E+002 ( (1.026676E+003 7.758910E-002) (1.026676E+004 7.758902E-001) (2.053351E+004 1.551780E+000) ))
(4.6000E+002 ( (1.026676E+003 7.421587E-002) (1.026676E+004 7.421557E-001) (2.053351E+004 1.484313E+000) ))
(4.8000E+002 ( (1.026676E+003 7.112353E-002) (1.026676E+004 7.112325E-001) (2.053351E+004 1.422466E+000) ))
(5.0000E+002 ( (1.026676E+003 6.827858E-002) (1.026676E+004 6.827844E-001) (2.053351E+004 1.365568E+000) ))
(5.2000E+002 ( (1.026676E+003 6.565247E-002) (1.026676E+004 6.565234E-001) (2.053351E+004 1.313046E+000) ))
(5.4000E+002 ( (1.026676E+003 6.322089E-002) (1.026676E+004 6.322077E-001) (2.053351E+004 1.264414E+000) ))
(5.6000E+002 ( (1.026676E+003 6.096300E-002) (1.026676E+004 6.096288E-001) (2.053351E+004 1.219257E+000) ))
(5.8000E+002 ( (1.026676E+003 5.886082E-002) (1.026676E+004 5.886071E-001) (2.053351E+004 1.177213E+000) ))
(6.0000E+002 ( (1.026676E+003 5.689879E-002) (1.026676E+004 5.689868E-001) (2.053351E+004 1.137973E+000) ))
(6.2000E+002 ( (1.026676E+003 5.506334E-002) (1.026676E+004 5.506324E-001) (2.053351E+004 1.101264E+000) ))
(6.4000E+002 ( (1.026676E+003 5.334261E-002) (1.026676E+004 5.334251E-001) (2.053351E+004 1.066849E+000) ))
(6.6000E+002 ( (1.026676E+003 5.172616E-002) (1.026676E+004 5.172607E-001) (2.053351E+004 1.034521E+000) ))
(6.8000E+002 ( (1.026676E+003 5.020480E-002) (1.026676E+004 5.020471E-001) (2.053351E+004 1.004093E+000) ))
(7.0000E+002 ( (1.026676E+003 4.877037E-002) (1.026676E+004 4.877029E-001) (2.053351E+004 9.754051E-001) ))
(7.2000E+002 ( (1.026676E+003 4.741564E-002) (1.026676E+004 4.741556E-001) (2.053351E+004 9.483105E-001) ))
(7.4000E+002 ( (1.026676E+003 4.613413E-002) (1.026676E+004 4.613406E-001) (2.053351E+004 9.226804E-001) ))
(7.6000E+002 ( (1.026676E+003 4.492008E-002) (1.026676E+004 4.492000E-001) (2.053351E+004 8.983993E-001) ))
(7.8000E+002 ( (1.026676E+003 4.376828E-002) (1.026676E+004 4.376821E-001) (2.053351E+004 8.753634E-001) ))
(8.0000E+002 ( (1.026676E+003 4.267407E-002) (1.026676E+004 4.267400E-001) (2.053351E+004 8.534793E-001) ))
(8.2000E+002 ( (1.026676E+003 4.163324E-002) (1.026676E+004 4.163317E-001) (2.053351E+004 8.326628E-001) ))
(8.4000E+002 ( (1.026676E+003 4.064197E-002) (1.026676E+004 4.064190E-001) (2.053351E+004 8.128374E-001) ))
(8.6000E+002 ( (1.026676E+003 3.969681E-002) (1.026676E+004 3.969674E-001) (2.053351E+004 7.939342E-001) ))
(8.8000E+002 ( (1.026676E+003 3.879460E-002) (1.026676E+004 3.879454E-001) (2.053351E+004 7.758903E-001) ))
(9.0000E+002 ( (1.026676E+003 3.793250E-002) (1.026676E+004 3.793244E-001) (2.053351E+004 7.586483E-001) ))
(9.2000E+002 ( (1.026676E+003 3.710788E-002) (1.026676E+004 3.710782E-001) (2.053351E+004 7.421559E-001) ))
(9.4000E+002 ( (1.026676E+003 3.631835E-002) (1.026676E+004 3.631829E-001) (2.053351E+004 7.263653E-001) ))
(9.6000E+002 ( (1.026676E+003 3.556172E-002) (1.026676E+004 3.556166E-001) (2.053351E+004 7.112327E-001) ))
(9.8000E+002 ( (1.026676E+003 3.483597E-002) (1.026676E+004 3.483591E-001) (2.053351E+004 6.967178E-001) ))
(1.0000E+003 ( (1.026676E+003 3.413925E-002) (1.026676E+004 3.413919E-001) (2.053351E+004 6.827834E-001) ))
(1.0200E+003 ( (1.026676E+003 3.346985E-002) (1.026676E+004 3.346980E-001) (2.053351E+004 6.693955E-001) ))
(1.0400E+003 ( (1.026676E+003 3.282620E-002) (1.026676E+004 3.282615E-001) (2.053351E+004 6.565225E-001) ))
(1.0600E+003 ( (1.026676E+003 3.220684E-002) (1.026676E+004 3.220679E-001) (2.053351E+004 6.441353E-001) ))
(1.0800E+003 ( (1.026676E+003 3.161041E-002) (1.026676E+004 3.161036E-001) (2.053351E+004 6.322068E-001) ))
(1.1000E+003 ( (1.026676E+003 3.103568E-002) (1.026676E+004 3.103563E-001) (2.053351E+004 6.207122E-001) ))
(1.1200E+003 ( (1.026676E+003 3.048147E-002) (1.026676E+004 3.048142E-001) (2.053351E+004 6.096280E-001) ))
(1.1400E+003 ( (1.026676E+003 2.994671E-002) (1.026676E+004 2.994666E-001) (2.053351E+004 5.989328E-001) ))
(1.1600E+003 ( (1.026676E+003 2.943038E-002) (1.026676E+004 2.943034E-001) (2.053351E+004 5.886063E-001) ))
(1.1800E+003 ( (1.026676E+003 2.893156E-002) (1.026676E+004 2.893152E-001) (2.053351E+004 5.786300E-001) ))
(1.2000E+003 ( (1.026676E+003 2.844937E-002) (1.026676E+004 2.844933E-001) (2.053351E+004 5.689861E-001) ))
(1.2200E+003 ( (1.026676E+003 2.798299E-002) (1.026676E+004 2.798294E-001) (2.053351E+004 5.596585E-001) ))
(1.2400E+003 ( (1.026676E+003 2.753165E-002) (1.026676E+004 2.753161E-001) (2.053351E+004 5.506317E-001) ))
(1.2600E+003 ( (1.026676E+003 2.709464E-002) (1.026676E+004 2.709460E-001) (2.053351E+004 5.418915E-001) ))
(1.2800E+003 ( (1.026676E+003 2.667128E-002) (1.026676E+004 2.667124E-001) (2.053351E+004 5.334245E-001) ))
(1.3000E+003 ( (1.026676E+003 2.626095E-002) (1.026676E+004 2.626092E-001) (2.053351E+004 5.252180E-001) ))
(1.3200E+003 ( (1.026676E+003 2.586306E-002) (1.026676E+004 2.586302E-001) (2.053351E+004 5.172601E-001) ))
(1.3400E+003 ( (1.026676E+003 2.547705E-002) (1.026676E+004 2.547701E-001) (2.053351E+004 5.095398E-001) ))
(1.3600E+003 ( (1.026676E+003 2.510238E-002) (1.026676E+004 2.510235E-001) (2.053351E+004 5.020466E-001) ))
(1.3800E+003 ( (1.026676E+003 2.473858E-002) (1.026676E+004 2.473854E-001) (2.053351E+004 4.947705E-001) ))
(1.4000E+003 ( (1.026676E+003 2.438517E-002) (1.026676E+004 2.438514E-001) (2.053351E+004 4.877024E-001) ))
(1.4200E+003 ( (1.026676E+003 2.404172E-002) (1.026676E+004 2.404168E-001) (2.053351E+004 4.808333E-001) ))
(1.4400E+003 ( (1.026676E+003 2.370781E-002) (1.026676E+004 2.370777E-001) (2.053351E+004 4.741551E-001) ))
(1.4600E+003 ( (1.026676E+003 2.338304E-002) (1.026676E+004 2.338301E-001) (2.053351E+004 4.676598E-001) ))
(1.4800E+003 ( (1.026676E+003 2.306705E-002) (1.026676E+004 2.306702E-001) (2.053351E+004 4.613401E-001) ))
(1.5000E+003 ( (1.026676E+003 2.275949E-002) (1.026676E+004 2.275946E-001) (2.053351E+004 4.551889E-001) ))
(1.5200E+003 ( (1.026676E+003 2.246003E-002) (1.026676E+004 2.245999E-001) (2.053351E+004 4.491995E-001) ))
(1.5400E+003 ( (1.026676E+003 2.216834E-002) (1.026676E+004 2.216830E-001) (2.053351E+004 4.433658E-001) ))
(1.5600E+003 ( (1.026676E+003 2.188413E-002) (1.026676E+004 2.188410E-001) (2.053351E+004 4.376816E-001) ))
(1.5800E+003 ( (1.026676E+003 2.160711E-002) (1.026676E+004 2.160708E-001) (2.053351E+004 4.321413E-001) ))
(1.6000E+003 ( (1.026676E+003 2.133702E-002) (1.026676E+004 2.133699E-001) (2.053351E+004 4.267396E-001) ))
(1.6200E+003 ( (1.026676E+003 2.107360E-002) (1.026676E+004 2.107357E-001) (2.053351E+004 4.214712E-001) ))
(1.6400E+003 ( (1.026676E+003 2.081660E-002) (1.026676E+004 2.081657E-001) (2.053351E+004 4.163313E-001) ))
(1.6600E+003 ( (1.026676E+003 2.056580E-002) (1.026676E+004 2.056577E-001) (2.053351E+004 4.113152E-001) ))
(1.6800E+003 ( (1.026676E+003 2.032096E-002) (1.026676E+004 2.032094E-001) (2.053351E+004 4.064186E-001) ))
(1.7000E+003 ( (1.026676E+003 2.008189E-002) (1.026676E+004 2.008187E-001) (2.053351E+004 4.016371E-001) ))
(1.7200E+003 ( (1.026676E+003 1.984838E-002) (1.026676E+004 1.984836E-001) (2.053351E+004 3.969669E-001) ))
(1.7400E+003 ( (1.026676E+003 1.962023E-002) (1.026676E+004 1.962021E-001) (2.053351E+004 3.924041E-001) ))
(1.7600E+003 ( (1.026676E+003 1.939727E-002) (1.026676E+004 1.939725E-001) (2.053351E+004 3.879449E-001) ))
(1.7800E+003 ( (1.026676E+003 1.917933E-002) (1.026676E+004 1.917931E-001) (2.053351E+004 3.835860E-001) ))
(1.8000E+003 ( (1.026676E+003 1.896628E-002) (1.026676E+004 1.896620E-001) (2.053351E+004 3.793244E-001) ))
(1.8200E+003 ( (1.026676E+003 1.875785E-002) (1.026676E+004 1.875778E-001) (2.053351E+004 3.751560E-001) ))
(1.8400E+003 ( (1.026676E+003 1.855396E-002) (1.026676E+004 1.855392E-001) (2.053351E+004 3.710782E-001) ))
(1.8600E+003 ( (1.026676E+003 1.835445E-002) (1.026676E+004 1.835442E-001) (2.053351E+004 3.670881E-001) ))
(1.8800E+003 ( (1.026676E+003 1.815919E-002) (1.026676E+004 1.815916E-001) (2.053351E+004 3.631828E-001) ))
(1.9000E+003 ( (1.026676E+003 1.796804E-002) (1.026676E+004 1.796801E-001) (2.053351E+004 3.593598E-001) ))
(1.9200E+003 ( (1.026676E+003 1.778087E-002) (1.026676E+004 1.778084E-001) (2.053351E+004 3.556165E-001) ))
(1.9400E+003 ( (1.026676E+003 1.759756E-002) (1.026676E+004 1.759753E-001) (2.053351E+004 3.519503E-001) ))
(1.9600E+003 ( (1.026676E+003 1.741799E-002) (1.026676E+004 1.741796E-001) (2.053351E+004 3.483590E-001) ))
(1.9800E+003 ( (1.026676E+003 1.724205E-002) (1.026676E+004 1.724202E-001) (2.053351E+004 3.448402E-001) ))
(2.0000E+003 ( (1.026676E+003 1.706963E-002) (1.026676E+004 1.706960E-001) (2.053351E+004 3.413917E-001) ))
(2.0200E+003 ( (1.026676E+003 1.690062E-002) (1.026676E+004 1.690059E-001) (2.053351E+004 3.380116E-001) ))
(2.0400E+003 ( (1.026676E+003 1.673492E-002) (1.026676E+004 1.673490E-001) (2.053351E+004 3.346978E-001) ))
(2.0600E+003 ( (1.026676E+003 1.657245E-002) (1.026676E+004 1.657242E-001) (2.053351E+004 3.314482E-001) ))
(2.0800E+003 ( (1.026676E+003 1.641310E-002) (1.026676E+004 1.641307E-001) (2.053351E+004 3.282612E-001) ))
(2.1000E+003 ( (1.026676E+003 1.625678E-002) (1.026676E+004 1.625676E-001) (2.053351E+004 3.251349E-001) ))
(2.1200E+003 ( (1.026676E+003 1.610341E-002) (1.026676E+004 1.610339E-001) (2.053351E+004 3.220676E-001) ))
(2.1400E+003 ( (1.026676E+003 1.595291E-002) (1.026676E+004 1.595289E-001) (2.053351E+004 3.190576E-001) ))
(2.1600E+003 ( (1.026676E+003 1.580520E-002) (1.026676E+004 1.580518E-001) (2.053351E+004 3.161033E-001) ))
(2.1800E+003 ( (1.026676E+003 1.566019E-002) (1.026676E+004 1.566017E-001) (2.053351E+004 3.132033E-001) ))
(2.2000E+003 ( (1.026676E+003 1.551783E-002) (1.026676E+004 1.551781E-001) (2.053351E+004 3.103560E-001) ))
(2.2200E+003 ( (1.026676E+003 1.537803E-002) (1.026676E+004 1.537801E-001) (2.053351E+004 3.075600E-001) ))
(2.2400E+003 ( (1.026676E+003 1.524072E-002) (1.026676E+004 1.524070E-001) (2.053351E+004 3.048139E-001) ))
(2.2600E+003 ( (1.026676E+003 1.510585E-002) (1.026676E+004 1.510583E-001) (2.053351E+004 3.021164E-001) ))
(2.2800E+003 ( (1.026676E+003 1.497334E-002) (1.026676E+004 1.497332E-001) (2.053351E+004 2.994663E-001) ))
(2.3000E+003 ( (1.026676E+003 1.484313E-002) (1.026676E+004 1.484312E-001) (2.053351E+004 2.968622E-001) ))
(2.3200E+003 ( (1.026676E+003 1.471518E-002) (1.026676E+004 1.471516E-001) (2.053351E+004 2.943030E-001) ))
(2.3400E+003 ( (1.026676E+003 1.458940E-002) (1.026676E+004 1.458939E-001) (2.053351E+004 2.917876E-001) ))
(2.3600E+003 ( (1.026676E+003 1.446576E-002) (1.026676E+004 1.446575E-001) (2.053351E+004 2.893148E-001) ))
(2.3800E+003 ( (1.026676E+003 1.434420E-002) (1.026676E+004 1.434419E-001) (2.053351E+004 2.868836E-001) ))
(2.4000E+003 ( (1.026676E+003 1.422467E-002) (1.026676E+004 1.422465E-001) (2.053351E+004 2.844929E-001) ))
(2.4200E+003 ( (1.026676E+003 1.410710E-002) (1.026676E+004 1.410709E-001) (2.053351E+004 2.821421E-001) ))
(2.4400E+003 ( (1.026676E+003 1.399151E-002) (1.026676E+004 1.399146E-001) (2.053351E+004 2.798295E-001) ))
(2.4600E+003 ( (1.026676E+003 1.387776E-002) (1.026676E+004 1.387771E-001) (2.053351E+004 2.775544E-001) ))
(2.4800E+003 ( (1.026676E+003 1.376584E-002) (1.026676E+004 1.376579E-001) (2.053351E+004 2.753160E-001) ))
(2.5000E+003 ( (1.026676E+003 1.365571E-002) (1.026676E+004 1.365566E-001) (2.053351E+004 2.731135E-001) ))
(2.5200E+003 ( (1.026676E+003 1.354733E-002) (1.026676E+004 1.354731E-001) (2.053351E+004 2.709459E-001) ))
(2.5400E+003 ( (1.026676E+003 1.344065E-002) (1.026676E+004 1.344063E-001) (2.053351E+004 2.688125E-001) ))
(2.5600E+003 ( (1.026676E+003 1.333565E-002) (1.026676E+004 1.333563E-001) (2.053351E+004 2.667123E-001) ))
(2.5800E+003 ( (1.026676E+003 1.323227E-002) (1.026676E+004 1.323225E-001) (2.053351E+004 2.646448E-001) ))
(2.6000E+003 ( (1.026676E+003 1.313048E-002) (1.026676E+004 1.313046E-001) (2.053351E+004 2.626090E-001) ))
(2.6200E+003 ( (1.026676E+003 1.303024E-002) (1.026676E+004 1.303023E-001) (2.053351E+004 2.606044E-001) ))
(2.6400E+003 ( (1.026676E+003 1.293152E-002) (1.026676E+004 1.293151E-001) (2.053351E+004 2.586301E-001) ))
(2.6600E+003 ( (1.026676E+003 1.283429E-002) (1.026676E+004 1.283428E-001) (2.053351E+004 2.566855E-001) ))
(2.6800E+003 ( (1.026676E+003 1.273851E-002) (1.026676E+004 1.273850E-001) (2.053351E+004 2.547699E-001) ))
(2.7000E+003 ( (1.026676E+003 1.264414E-002) (1.026676E+004 1.264414E-001) (2.053351E+004 2.528827E-001) ))
(2.7200E+003 ( (1.026676E+003 1.255116E-002) (1.026676E+004 1.255117E-001) (2.053351E+004 2.510232E-001) ))
(2.7400E+003 ( (1.026676E+003 1.245954E-002) (1.026676E+004 1.245955E-001) (2.053351E+004 2.491909E-001) ))
(2.7600E+003 ( (1.026676E+003 1.236925E-002) (1.026676E+004 1.236926E-001) (2.053351E+004 2.473851E-001) ))
(2.7800E+003 ( (1.026676E+003 1.228025E-002) (1.026676E+004 1.228027E-001) (2.053351E+004 2.456053E-001) ))
(2.8000E+003 ( (1.026676E+003 1.219252E-002) (1.026676E+004 1.219255E-001) (2.053351E+004 2.438509E-001) ))
(2.8200E+003 ( (1.026676E+003 1.210604E-002) (1.026676E+004 1.210607E-001) (2.053351E+004 2.421214E-001) ))
(2.8400E+003 ( (1.026676E+003 1.202078E-002) (1.026676E+004 1.202082E-001) (2.053351E+004 2.404163E-001) ))
(2.8600E+003 ( (1.026676E+003 1.193670E-002) (1.026676E+004 1.193675E-001) (2.053351E+004 2.387350E-001) ))
(2.8800E+003 ( (1.026676E+003 1.185379E-002) (1.026676E+004 1.185385E-001) (2.053351E+004 2.370770E-001) ))
(2.9000E+003 ( (1.026676E+003 1.177202E-002) (1.026676E+004 1.177209E-001) (2.053351E+004 2.354419E-001) ))
(2.9200E+003 ( (1.026676E+003 1.169137E-002) (1.026676E+004 1.169146E-001) (2.053351E+004 2.338292E-001) ))
(2.9400E+003 ( (1.026676E+003 1.161182E-002) (1.026676E+004 1.161192E-001) (2.053351E+004 2.322385E-001) ))
(2.9600E+003 ( (1.026676E+003 1.153333E-002) (1.026676E+004 1.153345E-001) (2.053351E+004 2.306692E-001) ))
(2.9800E+003 ( (1.026676E+003 1.145590E-002) (1.026676E+004 1.145603E-001) (2.053351E+004 2.291209E-001) ))
(3.0000E+003 ( (1.026676E+003 1.137950E-002) (1.026676E+004 1.137965E-001) (2.053351E+004 2.275933E-001) ))
(3.0200E+003 ( (1.026676E+003 1.130410E-002) (1.026676E+004 1.130428E-001) (2.053351E+004 2.260859E-001) ))
(3.0400E+003 ( (1.026676E+003 1.122970E-002) (1.026676E+004 1.122990E-001) (2.053351E+004 2.245983E-001) ))
(3.0600E+003 ( (1.026676E+003 1.115626E-002) (1.026676E+004 1.115648E-001) (2.053351E+004 2.231302E-001) ))
(3.0800E+003 ( (1.026676E+003 1.108377E-002) (1.026676E+004 1.108402E-001) (2.053351E+004 2.216811E-001) ))
(3.1000E+003 ( (1.026676E+003 1.101221E-002) (1.026676E+004 1.101250E-001) (2.053351E+004 2.202506E-001) ))
(3.1200E+003 ( (1.026676E+003 1.094156E-002) (1.026676E+004 1.094189E-001) (2.053351E+004 2.188385E-001) ))
(3.1400E+003 ( (1.026676E+003 1.087180E-002) (1.026676E+004 1.087217E-001) (2.053351E+004 2.174444E-001) ))
(3.1600E+003 ( (1.026676E+003 1.080292E-002) (1.026676E+004 1.080334E-001) (2.053351E+004 2.160678E-001) ))
(3.1800E+003 ( (1.026676E+003 1.073491E-002) (1.026676E+004 1.073537E-001) (2.053351E+004 2.147085E-001) ))
(3.2000E+003 ( (1.026676E+003 1.066773E-002) (1.026676E+004 1.066825E-001) (2.053351E+004 2.133662E-001) ))
(3.2200E+003 ( (1.026676E+003 1.060138E-002) (1.026676E+004 1.060195E-001) (2.053351E+004 2.120406E-001) ))
(3.2400E+003 ( (1.026676E+003 1.053583E-002) (1.026676E+004 1.053648E-001) (2.053351E+004 2.107312E-001) ))
(3.2600E+003 ( (1.026676E+003 1.047108E-002) (1.026676E+004 1.047180E-001) (2.053351E+004 2.094379E-001) ))
(3.2800E+003 ( (1.026676E+003 1.040711E-002) (1.026676E+004 1.040791E-001) (2.053351E+004 2.081603E-001) ))
(3.3000E+003 ( (1.026676E+003 1.034391E-002) (1.026676E+004 1.034479E-001) (2.053351E+004 2.068981E-001) ))
(3.3200E+003 ( (1.026676E+003 1.028145E-002) (1.026676E+004 1.028243E-001) (2.053351E+004 2.056511E-001) ))
(3.3400E+003 ( (1.026676E+003 1.021972E-002) (1.026676E+004 1.022080E-001) (2.053351E+004 2.044189E-001) ))
(3.3600E+003 ( (1.026676E+003 1.015872E-002) (1.026676E+004 1.015991E-001) (2.053351E+004 2.032014E-001) ))
(3.3800E+003 ( (1.026676E+003 1.009842E-002) (1.026676E+004 1.009973E-001) (2.053351E+004 2.019981E-001) ))
(3.4000E+003 ( (1.026676E+003 1.003881E-002) (1.026676E+004 1.004026E-001) (2.053351E+004 2.008090E-001) ))
(3.4200E+003 ( (1.026676E+003 9.979879E-003) (1.026676E+004 9.981472E-002) (2.053351E+004 1.996337E-001) ))
(3.4400E+003 ( (1.026676E+003 9.921613E-003) (1.026676E+004 9.923363E-002) (2.053351E+004 1.984719E-001) ))
(3.4600E+003 ( (1.026676E+003 9.863999E-003) (1.026676E+004 9.865920E-002) (2.053351E+004 1.973235E-001) ))
(3.4800E+003 ( (1.026676E+003 9.807024E-003) (1.026676E+004 9.809129E-002) (2.053351E+004 1.961882E-001) ))
(3.5000E+003 ( (1.026676E+003 9.750675E-003) (1.026676E+004 9.752979E-002) (2.053351E+004 1.950657E-001) ))
(3.5200E+003 ( (1.026676E+003 9.694940E-003) (1.026676E+004 9.697459E-002) (2.053351E+004 1.939559E-001) ))
(3.5400E+003 ( (1.026676E+003 9.639806E-003) (1.026676E+004 9.642557E-002) (2.053351E+004 1.928585E-001) ))
(3.5600E+003 ( (1.026676E+003 9.585261E-003) (1.026676E+004 9.588262E-002) (2.053351E+004 1.917733E-001) ))
(3.5800E+003 ( (1.026676E+003 9.531292E-003) (1.026676E+004 9.534563E-002) (2.053351E+004 1.907000E-001) ))
(3.6000E+003 ( (1.026676E+003 9.477889E-003) (1.026676E+004 9.481451E-002) (2.053351E+004 1.896386E-001) ))
(3.6200E+003 ( (1.026676E+003 9.425039E-003) (1.026676E+004 9.428913E-002) (2.053351E+004 1.885887E-001) ))
(3.6400E+003 ( (1.026676E+003 9.372731E-003) (1.026676E+004 9.376941E-002) (2.053351E+004 1.875501E-001) ))
(3.6600E+003 ( (1.026676E+003 9.320953E-003) (1.026676E+004 9.325523E-002) (2.053351E+004 1.865228E-001) ))
(3.6800E+003 ( (1.026676E+003 9.269694E-003) (1.026676E+004 9.274650E-002) (2.053351E+004 1.855063E-001) ))
(3.7000E+003 ( (1.026676E+003 9.218942E-003) (1.026676E+004 9.224313E-002) (2.053351E+004 1.845007E-001) ))
(3.7200E+003 ( (1.026676E+003 9.168686E-003) (1.026676E+004 9.174501E-002) (2.053351E+004 1.835057E-001) ))
(3.7400E+003 ( (1.026676E+003 9.118916E-003) (1.026676E+004 9.125205E-002) (2.053351E+004 1.825211E-001) ))
(3.7600E+003 ( (1.026676E+003 9.069619E-003) (1.026676E+004 9.076416E-002) (2.053351E+004 1.815467E-001) ))
(3.7800E+003 ( (1.026676E+003 9.020786E-003) (1.026676E+004 9.028125E-002) (2.053351E+004 1.805823E-001) ))
(3.8000E+003 ( (1.026676E+003 8.972405E-003) (1.026676E+004 8.980322E-002) (2.053351E+004 1.796278E-001) ))
(3.8200E+003 ( (1.026676E+003 8.924465E-003) (1.026676E+004 8.932999E-002) (2.053351E+004 1.786830E-001) ))
(3.8400E+003 ( (1.026676E+003 8.876956E-003) (1.026676E+004 8.886148E-002) (2.053351E+004 1.777478E-001) ))
(3.8600E+003 ( (1.026676E+003 8.829867E-003) (1.026676E+004 8.839759E-002) (2.053351E+004 1.768219E-001) ))
(3.8800E+003 ( (1.026676E+003 8.783187E-003) (1.026676E+004 8.793823E-002) (2.053351E+004 1.759052E-001) ))
(3.9000E+003 ( (1.026676E+003 8.736905E-003) (1.026676E+004 8.748334E-002) (2.053351E+004 1.749976E-001) ))
(3.9200E+003 ( (1.026676E+003 8.690994E-003) (1.026676E+004 8.703281E-002) (2.053351E+004 1.740988E-001) ))
(3.9400E+003 ( (1.026676E+003 8.645477E-003) (1.026676E+004 8.658658E-002) (2.053351E+004 1.732088E-001) ))
(3.9600E+003 ( (1.026676E+003 8.600327E-003) (1.026676E+004 8.614456E-002) (2.053351E+004 1.723273E-001) ))
(3.9800E+003 ( (1.026676E+003 8.555532E-003) (1.026676E+004 8.570667E-002) (2.053351E+004 1.714543E-001) ))
(4.0000E+003 ( (1.026676E+003 8.511083E-003) (1.026676E+004 8.527283E-002) (2.053351E+004 1.705895E-001) ))
(4.0200E+003 ( (1.026676E+003 8.466969E-003) (1.026676E+004 8.484297E-002) (2.053351E+004 1.697329E-001) ))
(4.0400E+003 ( (1.026676E+003 8.423179E-003) (1.026676E+004 8.441700E-002) (2.053351E+004 1.688842E-001) ))
(4.0600E+003 ( (1.026676E+003 8.379702E-003) (1.026676E+004 8.399486E-002) (2.053351E+004 1.680433E-001) ))
(4.0800E+003 ( (1.026676E+003 8.336529E-003) (1.026676E+004 8.357645E-002) (2.053351E+004 1.672102E-001) ))
(4.1000E+003 ( (1.026676E+003 8.293647E-003) (1.026676E+004 8.316172E-002) (2.053351E+004 1.663845E-001) ))
(4.1200E+003 ( (1.026676E+003 8.251048E-003) (1.026676E+004 8.275058E-002) (2.053351E+004 1.655663E-001) ))
(4.1400E+003 ( (1.026676E+003 8.208719E-003) (1.026676E+004 8.234297E-002) (2.053351E+004 1.647554E-001) ))
(4.1600E+003 ( (1.026676E+003 8.166651E-003) (1.026676E+004 8.193880E-002) (2.053351E+004 1.639515E-001) ))
(4.1800E+003 ( (1.026676E+003 8.124832E-003) (1.026676E+004 8.153801E-002) (2.053351E+004 1.631547E-001) ))
(4.2000E+003 ( (1.026676E+003 8.083244E-003) (1.026676E+004 8.114053E-002) (2.053351E+004 1.623647E-001) ))
(4.2200E+003 ( (1.026676E+003 8.041892E-003) (1.026676E+004 8.074628E-002) (2.053351E+004 1.615815E-001) ))
(4.2400E+003 ( (1.026676E+003 8.000757E-003) (1.026676E+004 8.035519E-002) (2.053351E+004 1.608049E-001) ))
(4.2600E+003 ( (1.026676E+003 7.959829E-003) (1.026676E+004 7.996720E-002) (2.053351E+004 1.600347E-001) ))
(4.2800E+003 ( (1.026676E+003 7.919097E-003) (1.026676E+004 7.958223E-002) (2.053351E+004 1.592709E-001) ))
(4.3000E+003 ( (1.026676E+003 7.878549E-003) (1.026676E+004 7.920021E-002) (2.053351E+004 1.585133E-001) ))
(4.3200E+003 ( (1.026676E+003 7.838175E-003) (1.026676E+004 7.882108E-002) (2.053351E+004 1.577618E-001) ))
(4.3400E+003 ( (1.026676E+003 7.797987E-003) (1.026676E+004 7.844476E-002) (2.053351E+004 1.570162E-001) ))
(4.3600E+003 ( (1.026676E+003 7.757928E-003) (1.026676E+004 7.807119E-002) (2.053351E+004 1.562765E-001) ))
(4.3800E+003 ( (1.026676E+003 7.718010E-003) (1.026676E+004 7.770030E-002) (2.053351E+004 1.555425E-001) ))
(4.4000E+003 ( (1.026676E+003 7.678221E-003) (1.026676E+004 7.733202E-002) (2.053351E+004 1.548141E-001) ))
(4.4200E+003 ( (1.026676E+003 7.638551E-003) (1.026676E+004 7.696629E-002) (2.053351E+004 1.540912E-001) ))
(4.4400E+003 ( (1.026676E+003 7.598989E-003) (1.026676E+004 7.660303E-002) (2.053351E+004 1.533736E-001) ))
(4.4600E+003 ( (1.026676E+003 7.559523E-003) (1.026676E+004 7.624219E-002) (2.053351E+004 1.526613E-001) ))
(4.4800E+003 ( (1.026676E+003 7.520143E-003) (1.026676E+004 7.588369E-002) (2.053351E+004 1.519541E-001) ))
(4.5000E+003 ( (1.026676E+003 7.480837E-003) (1.026676E+004 7.552738E-002) (2.053351E+004 1.512518E-001) ))
(4.5200E+003 ( (1.026676E+003 7.441594E-003) (1.026676E+004 7.517338E-002) (2.053351E+004 1.505545E-001) ))
(4.5400E+003 ( (1.026676E+003 7.402403E-003) (1.026676E+004 7.482152E-002) (2.053351E+004 1.498619E-001) ))
(4.5600E+003 ( (1.026676E+003 7.363254E-003) (1.026676E+004 7.447174E-002) (2.053351E+004 1.491740E-001) ))
(4.5800E+003 ( (1.026676E+003 7.324134E-003) (1.026676E+004 7.412398E-002) (2.053351E+004 1.484905E-001) ))
(4.6000E+003 ( (1.026676E+003 7.285033E-003) (1.026676E+004 7.377817E-002) (2.053351E+004 1.478115E-001) ))
(4.6200E+003 ( (1.026676E+003 7.245940E-003) (1.026676E+004 7.343425E-002) (2.053351E+004 1.471368E-001) ))
(4.6400E+003 ( (1.026676E+003 7.206844E-003) (1.026676E+004 7.309215E-002) (2.053351E+004 1.464663E-001) ))
(4.6600E+003 ( (1.026676E+003 7.167734E-003) (1.026676E+004 7.275180E-002) (2.053351E+004 1.457999E-001) ))
(4.6800E+003 ( (1.026676E+003 7.128571E-003) (1.026676E+004 7.241315E-002) (2.053351E+004 1.451374E-001) ))
(4.7000E+003 ( (1.026676E+003 7.089404E-003) (1.026676E+004 7.207609E-002) (2.053351E+004 1.444788E-001) ))
(4.7200E+003 ( (1.026676E+003 7.050187E-003) (1.026676E+004 7.174063E-002) (2.053351E+004 1.438239E-001) ))
(4.7400E+003 ( (1.026676E+003 7.010912E-003) (1.026676E+004 7.140680E-002) (2.053351E+004 1.431725E-001) ))
(4.7600E+003 ( (1.026676E+003 6.971570E-003) (1.026676E+004 7.107429E-002) (2.053351E+004 1.425247E-001) ))
(4.7800E+003 ( (1.026676E+003 6.932150E-003) (1.026676E+004 7.074314E-002) (2.053351E+004 1.418804E-001) ))
(4.8000E+003 ( (1.026676E+003 6.892641E-003) (1.026676E+004 7.041331E-002) (2.053351E+004 1.412393E-001) ))
(4.8200E+003 ( (1.026676E+003 6.853034E-003) (1.026676E+004 7.008472E-002) (2.053351E+004 1.406015E-001) ))
(4.8400E+003 ( (1.026676E+003 6.813319E-003) (1.026676E+004 6.975732E-002) (2.053351E+004 1.399667E-001) ))
(4.8600E+003 ( (1.026676E+003 6.773487E-003) (1.026676E+004 6.943105E-002) (2.053351E+004 1.393348E-001) ))
(4.8800E+003 ( (1.026676E+003 6.733526E-003) (1.026676E+004 6.910583E-002) (2.053351E+004 1.387060E-001) ))
(4.9000E+003 ( (1.026676E+003 6.693429E-003) (1.026676E+004 6.878161E-002) (2.053351E+004 1.380798E-001) ))
(4.9200E+003 ( (1.026676E+003 6.653186E-003) (1.026676E+004 6.845833E-002) (2.053351E+004 1.374562E-001) ))
(4.9400E+003 ( (1.026676E+003 6.612789E-003) (1.026676E+004 6.813592E-002) (2.053351E+004 1.368352E-001) ))
(4.9600E+003 ( (1.026676E+003 6.572229E-003) (1.026676E+004 6.781433E-002) (2.053351E+004 1.362166E-001) ))
(4.9800E+003 ( (1.026676E+003 6.531497E-003) (1.026676E+004 6.749349E-002) (2.053351E+004 1.356004E-001) ))
(5.0000E+003 ( (1.026676E+003 6.490587E-003) (1.026676E+004 6.717335E-002) (2.053351E+004 1.349864E-001) ))
)