(
(3.0000E+002 ( (1.013250E+004 5.387565E-002) (1.013250E+005 5.387565E-002) (2.026500E+005 5.387565E-002) ))
(3.2000E+002 ( (1.013250E+004 6.359518E-001) (1.013250E+005 6.359518E-001) (2.026500E+005 6.359518E-001) ))
(3.4000E+002 ( (1.013250E+004 1.217754E+000) (1.013250E+005 1.217754E+000) (2.026500E+005 1.217754E+000) ))
(3.6000E+002 ( (1.013250E+004 1.799757E+000) (1.013250E+005 1.799757E+000) (2.026500E+005 1.799757E+000) ))
(3.8000E+002 ( (1.013250E+004 2.382341E+000) (1.013250E+005 2.382341E+000) (2.026500E+005 2.382341E+000) ))
(4.0000E+002 ( (1.013250E+004 2.965807E+000) (1.013250E+005 2.965807E+000) (2.026500E+005 2.965807E+000) ))
(4.2000E+002 ( (1.013250E+004 3.550446E+000) (1.013250E+005 3.550446E+000) (2.026500E+005 3.550446E+000) ))
(4.4000E+002 ( (1.013250E+004 4.136459E+000) (1.013250E+005 4.136459E+000) (2.026500E+005 4.136459E+000) ))
(4.6000E+002 ( (1.013250E+004 4.724012E+000) (1.013250E+005 4.724012E+000) (2.026500E+005 4.724012E+000) ))
(4.8000E+002 ( (1.013250E+004 5.313274E+000) (1.013250E+005 5.313274E+000) (2.026500E+005 5.313274E+000) ))
(5.0000E+002 ( (1.013250E+004 5.904412E+000) (1.013250E+005 5.904412E+000) (2.026500E+005 5.904412E+000) ))
(5.2000E+002 ( (1.013250E+004 6.497484E+000) (1.013250E+005 6.497484E+000) (2.026500E+005 6.497484E+000) ))
(5.4000E+002 ( (1.013250E+004 7.092629E+000) (1.013250E+005 7.092629E+000) (2.026500E+005 7.092629E+000) ))
(5.6000E+002 ( (1.013250E+004 7.689958E+000) (1.013250E+005 7.689958E+000) (2.026500E+005 7.689958E+000) ))
(5.8000E+002 ( (1.013250E+004 8.289473E+000) (1.013250E+005 8.289473E+000) (2.026500E+005 8.289473E+000) ))
(6.0000E+002 ( (1.013250E+004 8.891313E+000) (1.013250E+005 8.891313E+000) (2.026500E+005 8.891313E+000) ))
(6.2000E+002 ( (1.013250E+004 9.495506E+000) (1.013250E+005 9.495506E+000) (2.026500E+005 9.495506E+000) ))
(6.4000E+002 ( (1.013250E+004 1.010208E+001) (1.013250E+005 1.010208E+001) (2.026500E+005 1.010208E+001) ))
(6.6000E+002 ( (1.013250E+004 1.071112E+001) (1.013250E+005 1.071112E+001) (2.026500E+005 1.071112E+001) ))
(6.8000E+002 ( (1.013250E+004 1.132265E+001) (1.013250E+005 1.132265E+001) (2.026500E+005 1.132265E+001) ))
(7.0000E+002 ( (1.013250E+004 1.193668E+001) (1.013250E+005 1.193668E+001) (2.026500E+005 1.193668E+001) ))
(7.2000E+002 ( (1.013250E+004 1.255325E+001) (1.013250E+005 1.255325E+001) (2.026500E+005 1.255325E+001) ))
(7.4000E+002 ( (1.013250E+004 1.317240E+001) (1.013250E+005 1.317240E+001) (2.026500E+005 1.317240E+001) ))
(7.6000E+002 ( (1.013250E+004 1.379411E+001) (1.013250E+005 1.379411E+001) (2.026500E+005 1.379411E+001) ))
(7.8000E+002 ( (1.013250E+004 1.441838E+001) (1.013250E+005 1.441838E+001) (2.026500E+005 1.441838E+001) ))
(8.0000E+002 ( (1.013250E+004 1.504524E+001) (1.013250E+005 1.504524E+001) (2.026500E+005 1.504524E+001) ))
(8.2000E+002 ( (1.013250E+004 1.567470E+001) (1.013250E+005 1.567470E+001) (2.026500E+005 1.567470E+001) ))
(8.4000E+002 ( (1.013250E+004 1.630677E+001) (1.013250E+005 1.630677E+001) (2.026500E+005 1.630677E+001) ))
(8.6000E+002 ( (1.013250E+004 1.694138E+001) (1.013250E+005 1.694138E+001) (2.026500E+005 1.694138E+001) ))
(8.8000E+002 ( (1.013250E+004 1.757858E+001) (1.013250E+005 1.757858E+001) (2.026500E+005 1.757858E+001) ))
(9.0000E+002 ( (1.013250E+004 1.821832E+001) (1.013250E+005 1.821832E+001) (2.026500E+005 1.821832E+001) ))
(9.2000E+002 ( (1.013250E+004 1.886061E+001) (1.013250E+005 1.886061E+001) (2.026500E+005 1.886061E+001) ))
(9.4000E+002 ( (1.013250E+004 1.950542E+001) (1.013250E+005 1.950542E+001) (2.026500E+005 1.950542E+001) ))
(9.6000E+002 ( (1.013250E+004 2.015270E+001) (1.013250E+005 2.015270E+001) (2.026500E+005 2.015270E+001) ))
(9.8000E+002 ( (1.013250E+004 2.080247E+001) (1.013250E+005 2.080247E+001) (2.026500E+005 2.080247E+001) ))
(1.0000E+003 ( (1.013250E+004 2.145465E+001) (1.013250E+005 2.145465E+001) (2.026500E+005 2.145465E+001) ))
(1.0200E+003 ( (1.013250E+004 2.210924E+001) (1.013250E+005 2.210924E+001) (2.026500E+005 2.210924E+001) ))
(1.0400E+003 ( (1.013250E+004 2.276618E+001) (1.013250E+005 2.276618E+001) (2.026500E+005 2.276618E+001) ))
(1.0600E+003 ( (1.013250E+004 2.342545E+001) (1.013250E+005 2.342545E+001) (2.026500E+005 2.342545E+001) ))
(1.0800E+003 ( (1.013250E+004 2.408699E+001) (1.013250E+005 2.408699E+001) (2.026500E+005 2.408699E+001) ))
(1.1000E+003 ( (1.013250E+004 2.475076E+001) (1.013250E+005 2.475076E+001) (2.026500E+005 2.475076E+001) ))
(1.1200E+003 ( (1.013250E+004 2.541670E+001) (1.013250E+005 2.541670E+001) (2.026500E+005 2.541670E+001) ))
(1.1400E+003 ( (1.013250E+004 2.608479E+001) (1.013250E+005 2.608479E+001) (2.026500E+005 2.608479E+001) ))
(1.1600E+003 ( (1.013250E+004 2.675493E+001) (1.013250E+005 2.675493E+001) (2.026500E+005 2.675493E+001) ))
(1.1800E+003 ( (1.013250E+004 2.742708E+001) (1.013250E+005 2.742708E+001) (2.026500E+005 2.742708E+001) ))
(1.2000E+003 ( (1.013250E+004 2.810108E+001) (1.013250E+005 2.810108E+001) (2.026500E+005 2.810108E+001) ))
(1.2200E+003 ( (1.013250E+004 2.877705E+001) (1.013250E+005 2.877705E+001) (2.026500E+005 2.877705E+001) ))
(1.2400E+003 ( (1.013250E+004 2.945497E+001) (1.013250E+005 2.945497E+001) (2.026500E+005 2.945497E+001) ))
(1.2600E+003 ( (1.013250E+004 3.013457E+001) (1.013250E+005 3.013457E+001) (2.026500E+005 3.013457E+001) ))
(1.2800E+003 ( (1.013250E+004 3.081558E+001) (1.013250E+005 3.081558E+001) (2.026500E+005 3.081558E+001) ))
(1.3000E+003 ( (1.013250E+004 3.149855E+001) (1.013250E+005 3.149855E+001) (2.026500E+005 3.149855E+001) ))
(1.3200E+003 ( (1.013250E+004 3.218291E+001) (1.013250E+005 3.218291E+001) (2.026500E+005 3.218291E+001) ))
(1.3400E+003 ( (1.013250E+004 3.286896E+001) (1.013250E+005 3.286896E+001) (2.026500E+005 3.286896E+001) ))
(1.3600E+003 ( (1.013250E+004 3.355641E+001) (1.013250E+005 3.355641E+001) (2.026500E+005 3.355641E+001) ))
(1.3800E+003 ( (1.013250E+004 3.424526E+001) (1.013250E+005 3.424526E+001) (2.026500E+005 3.424526E+001) ))
(1.4000E+003 ( (1.013250E+004 3.493551E+001) (1.013250E+005 3.493551E+001) (2.026500E+005 3.493551E+001) ))
(1.4200E+003 ( (1.013250E+004 3.562716E+001) (1.013250E+005 3.562716E+001) (2.026500E+005 3.562716E+001) ))
(1.4400E+003 ( (1.013250E+004 3.631993E+001) (1.013250E+005 3.631993E+001) (2.026500E+005 3.631993E+001) ))
(1.4600E+003 ( (1.013250E+004 3.701411E+001) (1.013250E+005 3.701411E+001) (2.026500E+005 3.701411E+001) ))
(1.4800E+003 ( (1.013250E+004 3.770940E+001) (1.013250E+005 3.770940E+001) (2.026500E+005 3.770940E+001) ))
(1.5000E+003 ( (1.013250E+004 3.840609E+001) (1.013250E+005 3.840609E+001) (2.026500E+005 3.840609E+001) ))
(1.5200E+003 ( (1.013250E+004 3.910391E+001) (1.013250E+005 3.910391E+001) (2.026500E+005 3.910391E+001) ))
(1.5400E+003 ( (1.013250E+004 3.980284E+001) (1.013250E+005 3.980284E+001) (2.026500E+005 3.980284E+001) ))
(1.5600E+003 ( (1.013250E+004 4.050261E+001) (1.013250E+005 4.050261E+001) (2.026500E+005 4.050261E+001) ))
(1.5800E+003 ( (1.013250E+004 4.120379E+001) (1.013250E+005 4.120379E+001) (2.026500E+005 4.120379E+001) ))
(1.6000E+003 ( (1.013250E+004 4.190581E+001) (1.013250E+005 4.190581E+001) (2.026500E+005 4.190581E+001) ))
(1.6200E+003 ( (1.013250E+004 4.260894E+001) (1.013250E+005 4.260894E+001) (2.026500E+005 4.260894E+001) ))
(1.6400E+003 ( (1.013250E+004 4.331320E+001) (1.013250E+005 4.331320E+001) (2.026500E+005 4.331320E+001) ))
(1.6600E+003 ( (1.013250E+004 4.401830E+001) (1.013250E+005 4.401830E+001) (2.026500E+005 4.401830E+001) ))
(1.6800E+003 ( (1.013250E+004 4.472423E+001) (1.013250E+005 4.472423E+001) (2.026500E+005 4.472423E+001) ))
(1.7000E+003 ( (1.013250E+004 4.543129E+001) (1.013250E+005 4.543129E+001) (2.026500E+005 4.543129E+001) ))
(1.7200E+003 ( (1.013250E+004 4.613919E+001) (1.013250E+005 4.613919E+001) (2.026500E+005 4.613919E+001) ))
(1.7400E+003 ( (1.013250E+004 4.684793E+001) (1.013250E+005 4.684793E+001) (2.026500E+005 4.684793E+001) ))
(1.7600E+003 ( (1.013250E+004 4.755751E+001) (1.013250E+005 4.755751E+001) (2.026500E+005 4.755751E+001) ))
(1.7800E+003 ( (1.013250E+004 4.826793E+001) (1.013250E+005 4.826793E+001) (2.026500E+005 4.826793E+001) ))
(1.8000E+003 ( (1.013250E+004 4.897919E+001) (1.013250E+005 4.897919E+001) (2.026500E+005 4.897919E+001) ))
(1.8200E+003 ( (1.013250E+004 4.969129E+001) (1.013250E+005 4.969129E+001) (2.026500E+005 4.969129E+001) ))
(1.8400E+003 ( (1.013250E+004 5.040395E+001) (1.013250E+005 5.040395E+001) (2.026500E+005 5.040395E+001) ))
(1.8600E+003 ( (1.013250E+004 5.111773E+001) (1.013250E+005 5.111773E+001) (2.026500E+005 5.111773E+001) ))
(1.8800E+003 ( (1.013250E+004 5.183207E+001) (1.013250E+005 5.183207E+001) (2.026500E+005 5.183207E+001) ))
(1.9000E+003 ( (1.013250E+004 5.254726E+001) (1.013250E+005 5.254726E+001) (2.026500E+005 5.254726E+001) ))
(1.9200E+003 ( (1.013250E+004 5.326300E+001) (1.013250E+005 5.326300E+001) (2.026500E+005 5.326300E+001) ))
(1.9400E+003 ( (1.013250E+004 5.397958E+001) (1.013250E+005 5.397958E+001) (2.026500E+005 5.397958E+001) ))
(1.9600E+003 ( (1.013250E+004 5.469700E+001) (1.013250E+005 5.469700E+001) (2.026500E+005 5.469700E+001) ))
(1.9800E+003 ( (1.013250E+004 5.541499E+001) (1.013250E+005 5.541499E+001) (2.026500E+005 5.541499E+001) ))
(2.0000E+003 ( (1.013250E+004 5.613353E+001) (1.013250E+005 5.613353E+001) (2.026500E+005 5.613353E+001) ))
(2.0200E+003 ( (1.013250E+004 5.685292E+001) (1.013250E+005 5.685292E+001) (2.026500E+005 5.685292E+001) ))
(2.0400E+003 ( (1.013250E+004 5.757286E+001) (1.013250E+005 5.757286E+001) (2.026500E+005 5.757286E+001) ))
(2.0600E+003 ( (1.013250E+004 5.829336E+001) (1.013250E+005 5.829336E+001) (2.026500E+005 5.829336E+001) ))
(2.0800E+003 ( (1.013250E+004 5.901443E+001) (1.013250E+005 5.901443E+001) (2.026500E+005 5.901443E+001) ))
(2.1000E+003 ( (1.013250E+004 5.973633E+001) (1.013250E+005 5.973633E+001) (2.026500E+005 5.973633E+001) ))
(2.1200E+003 ( (1.013250E+004 6.045852E+001) (1.013250E+005 6.045852E+001) (2.026500E+005 6.045852E+001) ))
(2.1400E+003 ( (1.013250E+004 6.118155E+001) (1.013250E+005 6.118155E+001) (2.026500E+005 6.118155E+001) ))
(2.1600E+003 ( (1.013250E+004 6.190513E+001) (1.013250E+005 6.190513E+001) (2.026500E+005 6.190513E+001) ))
(2.1800E+003 ( (1.013250E+004 6.262928E+001) (1.013250E+005 6.262928E+001) (2.026500E+005 6.262928E+001) ))
(2.2000E+003 ( (1.013250E+004 6.335398E+001) (1.013250E+005 6.335398E+001) (2.026500E+005 6.335398E+001) ))
(2.2200E+003 ( (1.013250E+004 6.407925E+001) (1.013250E+005 6.407897E+001) (2.026500E+005 6.407897E+001) ))
(2.2400E+003 ( (1.013250E+004 6.480480E+001) (1.013250E+005 6.480480E+001) (2.026500E+005 6.480480E+001) ))
(2.2600E+003 ( (1.013250E+004 6.553119E+001) (1.013250E+005 6.553119E+001) (2.026500E+005 6.553119E+001) ))
(2.2800E+003 ( (1.013250E+004 6.625785E+001) (1.013250E+005 6.625785E+001) (2.026500E+005 6.625785E+001) ))
(2.3000E+003 ( (1.013250E+004 6.698508E+001) (1.013250E+005 6.698508E+001) (2.026500E+005 6.698508E+001) ))
(2.3200E+003 ( (1.013250E+004 6.771287E+001) (1.013250E+005 6.771287E+001) (2.026500E+005 6.771287E+001) ))
(2.3400E+003 ( (1.013250E+004 6.844122E+001) (1.013250E+005 6.844122E+001) (2.026500E+005 6.844122E+001) ))
(2.3600E+003 ( (1.013250E+004 6.917013E+001) (1.013250E+005 6.916985E+001) (2.026500E+005 6.916985E+001) ))
(2.3800E+003 ( (1.013250E+004 6.989932E+001) (1.013250E+005 6.989904E+001) (2.026500E+005 6.989904E+001) ))
(2.4000E+003 ( (1.013250E+004 7.062906E+001) (1.013250E+005 7.062878E+001) (2.026500E+005 7.062878E+001) ))
(2.4200E+003 ( (1.013250E+004 7.135909E+001) (1.013250E+005 7.135909E+001) (2.026500E+005 7.135909E+001) ))
(2.4400E+003 ( (1.013250E+004 7.208968E+001) (1.013250E+005 7.208968E+001) (2.026500E+005 7.208968E+001) ))
(2.4600E+003 ( (1.013250E+004 7.282083E+001) (1.013250E+005 7.282055E+001) (2.026500E+005 7.282055E+001) ))
(2.4800E+003 ( (1.013250E+004 7.355226E+001) (1.013250E+005 7.355198E+001) (2.026500E+005 7.355198E+001) ))
(2.5000E+003 ( (1.013250E+004 7.428425E+001) (1.013250E+005 7.428397E+001) (2.026500E+005 7.428397E+001) ))
(2.5200E+003 ( (1.013250E+004 7.501680E+001) (1.013250E+005 7.501624E+001) (2.026500E+005 7.501624E+001) ))
(2.5400E+003 ( (1.013250E+004 7.574963E+001) (1.013250E+005 7.574907E+001) (2.026500E+005 7.574907E+001) ))
(2.5600E+003 ( (1.013250E+004 7.648274E+001) (1.013250E+005 7.648218E+001) (2.026500E+005 7.648218E+001) ))
(2.5800E+003 ( (1.013250E+004 7.721642E+001) (1.013250E+005 7.721586E+001) (2.026500E+005 7.721586E+001) ))
(2.6000E+003 ( (1.013250E+004 7.795065E+001) (1.013250E+005 7.794981E+001) (2.026500E+005 7.794981E+001) ))
(2.6200E+003 ( (1.013250E+004 7.868516E+001) (1.013250E+005 7.868404E+001) (2.026500E+005 7.868404E+001) ))
(2.6400E+003 ( (1.013250E+004 7.941995E+001) (1.013250E+005 7.941883E+001) (2.026500E+005 7.941883E+001) ))
(2.6600E+003 ( (1.013250E+004 8.015530E+001) (1.013250E+005 8.015418E+001) (2.026500E+005 8.015390E+001) ))
(2.6800E+003 ( (1.013250E+004 8.089093E+001) (1.013250E+005 8.088953E+001) (2.026500E+005 8.088953E+001) ))
(2.7000E+003 ( (1.013250E+004 8.162713E+001) (1.013250E+005 8.162544E+001) (2.026500E+005 8.162516E+001) ))
(2.7200E+003 ( (1.013250E+004 8.236388E+001) (1.013250E+005 8.236192E+001) (2.026500E+005 8.236164E+001) ))
(2.7400E+003 ( (1.013250E+004 8.310063E+001) (1.013250E+005 8.309839E+001) (2.026500E+005 8.309811E+001) ))
(2.7600E+003 ( (1.013250E+004 8.383822E+001) (1.013250E+005 8.383542E+001) (2.026500E+005 8.383514E+001) ))
(2.7800E+003 ( (1.013250E+004 8.457610E+001) (1.013250E+005 8.457273E+001) (2.026500E+005 8.457245E+001) ))
(2.8000E+003 ( (1.013250E+004 8.531425E+001) (1.013250E+005 8.531061E+001) (2.026500E+005 8.531005E+001) ))
(2.8200E+003 ( (1.013250E+004 8.605296E+001) (1.013250E+005 8.604876E+001) (2.026500E+005 8.604820E+001) ))
(2.8400E+003 ( (1.013250E+004 8.679196E+001) (1.013250E+005 8.678719E+001) (2.026500E+005 8.678663E+001) ))
(2.8600E+003 ( (1.013250E+004 8.753151E+001) (1.013250E+005 8.752591E+001) (2.026500E+005 8.752535E+001) ))
(2.8800E+003 ( (1.013250E+004 8.827162E+001) (1.013250E+005 8.826518E+001) (2.026500E+005 8.826434E+001) ))
(2.9000E+003 ( (1.013250E+004 8.901230E+001) (1.013250E+005 8.900473E+001) (2.026500E+005 8.900389E+001) ))
(2.9200E+003 ( (1.013250E+004 8.975325E+001) (1.013250E+005 8.974485E+001) (2.026500E+005 8.974345E+001) ))
(2.9400E+003 ( (1.013250E+004 9.049477E+001) (1.013250E+005 9.048496E+001) (2.026500E+005 9.048356E+001) ))
(2.9600E+003 ( (1.013250E+004 9.123684E+001) (1.013250E+005 9.122564E+001) (2.026500E+005 9.122424E+001) ))
(2.9800E+003 ( (1.013250E+004 9.197948E+001) (1.013250E+005 9.196659E+001) (2.026500E+005 9.196491E+001) ))
(3.0000E+003 ( (1.013250E+004 9.272267E+001) (1.013250E+005 9.270811E+001) (2.026500E+005 9.270615E+001) ))
(3.0200E+003 ( (1.013250E+004 9.346643E+001) (1.013250E+005 9.344990E+001) (2.026500E+005 9.344766E+001) ))
(3.0400E+003 ( (1.013250E+004 9.421075E+001) (1.013250E+005 9.419198E+001) (2.026500E+005 9.418945E+001) ))
(3.0600E+003 ( (1.013250E+004 9.495590E+001) (1.013250E+005 9.493461E+001) (2.026500E+005 9.493181E+001) ))
(3.0800E+003 ( (1.013250E+004 9.570162E+001) (1.013250E+005 9.567781E+001) (2.026500E+005 9.567445E+001) ))
(3.1000E+003 ( (1.013250E+004 9.644790E+001) (1.013250E+005 9.642100E+001) (2.026500E+005 9.641736E+001) ))
(3.1200E+003 ( (1.013250E+004 9.719529E+001) (1.013250E+005 9.716504E+001) (2.026500E+005 9.716084E+001) ))
(3.1400E+003 ( (1.013250E+004 9.794353E+001) (1.013250E+005 9.790907E+001) (2.026500E+005 9.790459E+001) ))
(3.1600E+003 ( (1.013250E+004 9.869233E+001) (1.013250E+005 9.865395E+001) (2.026500E+005 9.864863E+001) ))
(3.1800E+003 ( (1.013250E+004 9.944225E+001) (1.013250E+005 9.939911E+001) (2.026500E+005 9.939322E+001) ))
(3.2000E+003 ( (1.013250E+004 1.001933E+002) (1.013250E+005 1.001448E+002) (2.026500E+005 1.001381E+002) ))
(3.2200E+003 ( (1.013250E+004 1.009452E+002) (1.013250E+005 1.008908E+002) (2.026500E+005 1.008835E+002) ))
(3.2400E+003 ( (1.013250E+004 1.016982E+002) (1.013250E+005 1.016377E+002) (2.026500E+005 1.016295E+002) ))
(3.2600E+003 ( (1.013250E+004 1.024526E+002) (1.013250E+005 1.023848E+002) (2.026500E+005 1.023758E+002) ))
(3.2800E+003 ( (1.013250E+004 1.032081E+002) (1.013250E+005 1.031327E+002) (2.026500E+005 1.031224E+002) ))
(3.3000E+003 ( (1.013250E+004 1.039650E+002) (1.013250E+005 1.038813E+002) (2.026500E+005 1.038698E+002) ))
(3.3200E+003 ( (1.013250E+004 1.047236E+002) (1.013250E+005 1.046300E+002) (2.026500E+005 1.046174E+002) ))
(3.3400E+003 ( (1.013250E+004 1.054836E+002) (1.013250E+005 1.053800E+002) (2.026500E+005 1.053657E+002) ))
(3.3600E+003 ( (1.013250E+004 1.062453E+002) (1.013250E+005 1.061302E+002) (2.026500E+005 1.061148E+002) ))
(3.3800E+003 ( (1.013250E+004 1.070087E+002) (1.013250E+005 1.068812E+002) (2.026500E+005 1.068641E+002) ))
(3.4000E+003 ( (1.013250E+004 1.077743E+002) (1.013250E+005 1.076331E+002) (2.026500E+005 1.076140E+002) ))
(3.4200E+003 ( (1.013250E+004 1.085416E+002) (1.013250E+005 1.083858E+002) (2.026500E+005 1.083648E+002) ))
(3.4400E+003 ( (1.013250E+004 1.093114E+002) (1.013250E+005 1.091394E+002) (2.026500E+005 1.091158E+002) ))
(3.4600E+003 ( (1.013250E+004 1.100834E+002) (1.013250E+005 1.098938E+002) (2.026500E+005 1.098680E+002) ))
(3.4800E+003 ( (1.013250E+004 1.108580E+002) (1.013250E+005 1.106490E+002) (2.026500E+005 1.106207E+002) ))
(3.5000E+003 ( (1.013250E+004 1.116354E+002) (1.013250E+005 1.114054E+002) (2.026500E+005 1.113740E+002) ))
(3.5200E+003 ( (1.013250E+004 1.124155E+002) (1.013250E+005 1.121626E+002) (2.026500E+005 1.121284E+002) ))
(3.5400E+003 ( (1.013250E+004 1.131988E+002) (1.013250E+005 1.129212E+002) (2.026500E+005 1.128834E+002) ))
(3.5600E+003 ( (1.013250E+004 1.139854E+002) (1.013250E+005 1.136806E+002) (2.026500E+005 1.136394E+002) ))
(3.5800E+003 ( (1.013250E+004 1.147754E+002) (1.013250E+005 1.144417E+002) (2.026500E+005 1.143964E+002) ))
(3.6000E+003 ( (1.013250E+004 1.155690E+002) (1.013250E+005 1.152037E+002) (2.026500E+005 1.151544E+002) ))
(3.6200E+003 ( (1.013250E+004 1.163668E+002) (1.013250E+005 1.159674E+002) (2.026500E+005 1.159133E+002) ))
(3.6400E+003 ( (1.013250E+004 1.171688E+002) (1.013250E+005 1.167324E+002) (2.026500E+005 1.166733E+002) ))
(3.6600E+003 ( (1.013250E+004 1.179754E+002) (1.013250E+005 1.174991E+002) (2.026500E+005 1.174344E+002) ))
(3.6800E+003 ( (1.013250E+004 1.187869E+002) (1.013250E+005 1.182673E+002) (2.026500E+005 1.181969E+002) ))
(3.7000E+003 ( (1.013250E+004 1.196032E+002) (1.013250E+005 1.190373E+002) (2.026500E+005 1.189606E+002) ))
(3.7200E+003 ( (1.013250E+004 1.204251E+002) (1.013250E+005 1.198091E+002) (2.026500E+005 1.197256E+002) ))
(3.7400E+003 ( (1.013250E+004 1.212529E+002) (1.013250E+005 1.205828E+002) (2.026500E+005 1.204921E+002) ))
(3.7600E+003 ( (1.013250E+004 1.220866E+002) (1.013250E+005 1.213588E+002) (2.026500E+005 1.212602E+002) ))
(3.7800E+003 ( (1.013250E+004 1.229270E+002) (1.013250E+005 1.221367E+002) (2.026500E+005 1.220297E+002) ))
(3.8000E+003 ( (1.013250E+004 1.237741E+002) (1.013250E+005 1.229172E+002) (2.026500E+005 1.228009E+002) ))
(3.8200E+003 ( (1.013250E+004 1.246285E+002) (1.013250E+005 1.236999E+002) (2.026500E+005 1.235741E+002) ))
(3.8400E+003 ( (1.013250E+004 1.254908E+002) (1.013250E+005 1.244851E+002) (2.026500E+005 1.243490E+002) ))
(3.8600E+003 ( (1.013250E+004 1.263614E+002) (1.013250E+005 1.252731E+002) (2.026500E+005 1.251258E+002) ))
(3.8800E+003 ( (1.013250E+004 1.272405E+002) (1.013250E+005 1.260639E+002) (2.026500E+005 1.259048E+002) ))
(3.9000E+003 ( (1.013250E+004 1.281288E+002) (1.013250E+005 1.268578E+002) (2.026500E+005 1.266858E+002) ))
(3.9200E+003 ( (1.013250E+004 1.290266E+002) (1.013250E+005 1.276548E+002) (2.026500E+005 1.274691E+002) ))
(3.9400E+003 ( (1.013250E+004 1.299348E+002) (1.013250E+005 1.284554E+002) (2.026500E+005 1.282549E+002) ))
(3.9600E+003 ( (1.013250E+004 1.308540E+002) (1.013250E+005 1.292592E+002) (2.026500E+005 1.290432E+002) ))
(3.9800E+003 ( (1.013250E+004 1.317843E+002) (1.013250E+005 1.300668E+002) (2.026500E+005 1.298343E+002) ))
(4.0000E+003 ( (1.013250E+004 1.327266E+002) (1.013250E+005 1.308783E+002) (2.026500E+005 1.306282E+002) ))
(4.0200E+003 ( (1.013250E+004 1.336816E+002) (1.013250E+005 1.316941E+002) (2.026500E+005 1.314249E+002) ))
(4.0400E+003 ( (1.013250E+004 1.346500E+002) (1.013250E+005 1.325140E+002) (2.026500E+005 1.322246E+002) ))
(4.0600E+003 ( (1.013250E+004 1.356322E+002) (1.013250E+005 1.333385E+002) (2.026500E+005 1.330278E+002) ))
(4.0800E+003 ( (1.013250E+004 1.366295E+002) (1.013250E+005 1.341677E+002) (2.026500E+005 1.338343E+002) ))
(4.1000E+003 ( (1.013250E+004 1.376419E+002) (1.013250E+005 1.350019E+002) (2.026500E+005 1.346444E+002) ))
(4.1200E+003 ( (1.013250E+004 1.386708E+002) (1.013250E+005 1.358415E+002) (2.026500E+005 1.354582E+002) ))
(4.1400E+003 ( (1.013250E+004 1.397168E+002) (1.013250E+005 1.366863E+002) (2.026500E+005 1.362759E+002) ))
(4.1600E+003 ( (1.013250E+004 1.407805E+002) (1.013250E+005 1.375371E+002) (2.026500E+005 1.370979E+002) ))
(4.1800E+003 ( (1.013250E+004 1.418632E+002) (1.013250E+005 1.383940E+002) (2.026500E+005 1.379240E+002) ))
(4.2000E+003 ( (1.013250E+004 1.429658E+002) (1.013250E+005 1.392571E+002) (2.026500E+005 1.387549E+002) ))
(4.2200E+003 ( (1.013250E+004 1.440889E+002) (1.013250E+005 1.401269E+002) (2.026500E+005 1.395905E+002) ))
(4.2400E+003 ( (1.013250E+004 1.452335E+002) (1.013250E+005 1.410038E+002) (2.026500E+005 1.404309E+002) ))
(4.2600E+003 ( (1.013250E+004 1.464011E+002) (1.013250E+005 1.418879E+002) (2.026500E+005 1.412763E+002) ))
(4.2800E+003 ( (1.013250E+004 1.475922E+002) (1.013250E+005 1.427795E+002) (2.026500E+005 1.421274E+002) ))
(4.3000E+003 ( (1.013250E+004 1.488083E+002) (1.013250E+005 1.436790E+002) (2.026500E+005 1.429843E+002) ))
(4.3200E+003 ( (1.013250E+004 1.500501E+002) (1.013250E+005 1.445870E+002) (2.026500E+005 1.438468E+002) ))
(4.3400E+003 ( (1.013250E+004 1.513191E+002) (1.013250E+005 1.455036E+002) (2.026500E+005 1.447155E+002) ))
(4.3600E+003 ( (1.013250E+004 1.526164E+002) (1.013250E+005 1.464291E+002) (2.026500E+005 1.455910E+002) ))
(4.3800E+003 ( (1.013250E+004 1.539434E+002) (1.013250E+005 1.473642E+002) (2.026500E+005 1.464728E+002) ))
(4.4000E+003 ( (1.013250E+004 1.553012E+002) (1.013250E+005 1.483091E+002) (2.026500E+005 1.473620E+002) ))
(4.4200E+003 ( (1.013250E+004 1.566910E+002) (1.013250E+005 1.492641E+002) (2.026500E+005 1.482581E+002) ))
(4.4400E+003 ( (1.013250E+004 1.581144E+002) (1.013250E+005 1.502300E+002) (2.026500E+005 1.491621E+002) ))
(4.4600E+003 ( (1.013250E+004 1.595727E+002) (1.013250E+005 1.512071E+002) (2.026500E+005 1.500739E+002) ))
(4.4800E+003 ( (1.013250E+004 1.610675E+002) (1.013250E+005 1.521957E+002) (2.026500E+005 1.509939E+002) ))
(4.5000E+003 ( (1.013250E+004 1.626001E+002) (1.013250E+005 1.531966E+002) (2.026500E+005 1.519226E+002) ))
(4.5200E+003 ( (1.013250E+004 1.641720E+002) (1.013250E+005 1.542098E+002) (2.026500E+005 1.528602E+002) ))
(4.5400E+003 ( (1.013250E+004 1.657850E+002) (1.013250E+005 1.552363E+002) (2.026500E+005 1.538070E+002) ))
(4.5600E+003 ( (1.013250E+004 1.674409E+002) (1.013250E+005 1.562761E+002) (2.026500E+005 1.547634E+002) ))
(4.5800E+003 ( (1.013250E+004 1.691407E+002) (1.013250E+005 1.573303E+002) (2.026500E+005 1.557301E+002) ))
(4.6000E+003 ( (1.013250E+004 1.708868E+002) (1.013250E+005 1.583990E+002) (2.026500E+005 1.567070E+002) ))
(4.6200E+003 ( (1.013250E+004 1.726805E+002) (1.013250E+005 1.594828E+002) (2.026500E+005 1.576947E+002) ))
(4.6400E+003 ( (1.013250E+004 1.745240E+002) (1.013250E+005 1.605829E+002) (2.026500E+005 1.586940E+002) ))
(4.6600E+003 ( (1.013250E+004 1.764189E+002) (1.013250E+005 1.616989E+002) (2.026500E+005 1.597044E+002) ))
(4.6800E+003 ( (1.013250E+004 1.783675E+002) (1.013250E+005 1.628324E+002) (2.026500E+005 1.607272E+002) ))
(4.7000E+003 ( (1.013250E+004 1.803713E+002) (1.013250E+005 1.639832E+002) (2.026500E+005 1.617625E+002) ))
(4.7200E+003 ( (1.013250E+004 1.824322E+002) (1.013250E+005 1.651524E+002) (2.026500E+005 1.628108E+002) ))
(4.7400E+003 ( (1.013250E+004 1.845528E+002) (1.013250E+005 1.663405E+002) (2.026500E+005 1.638725E+002) ))
(4.7600E+003 ( (1.013250E+004 1.867351E+002) (1.013250E+005 1.675484E+002) (2.026500E+005 1.649482E+002) ))
(4.7800E+003 ( (1.013250E+004 1.889812E+002) (1.013250E+005 1.687765E+002) (2.026500E+005 1.660382E+002) ))
(4.8000E+003 ( (1.013250E+004 1.912931E+002) (1.013250E+005 1.700257E+002) (2.026500E+005 1.671434E+002) ))
(4.8200E+003 ( (1.013250E+004 1.936734E+002) (1.013250E+005 1.712966E+002) (2.026500E+005 1.682636E+002) ))
(4.8400E+003 ( (1.013250E+004 1.961241E+002) (1.013250E+005 1.725903E+002) (2.026500E+005 1.694001E+002) ))
(4.8600E+003 ( (1.013250E+004 1.986478E+002) (1.013250E+005 1.739072E+002) (2.026500E+005 1.705531E+002) ))
(4.8800E+003 ( (1.013250E+004 2.012469E+002) (1.013250E+005 1.752479E+002) (2.026500E+005 1.717230E+002) ))
(4.9000E+003 ( (1.013250E+004 2.039238E+002) (1.013250E+005 1.766138E+002) (2.026500E+005 1.729108E+002) ))
(4.9200E+003 ( (1.013250E+004 2.066812E+002) (1.013250E+005 1.780053E+002) (2.026500E+005 1.741167E+002) ))
(4.9400E+003 ( (1.013250E+004 2.095215E+002) (1.013250E+005 1.794233E+002) (2.026500E+005 1.753412E+002) ))
(4.9600E+003 ( (1.013250E+004 2.124472E+002) (1.013250E+005 1.808688E+002) (2.026500E+005 1.765855E+002) ))
(4.9800E+003 ( (1.013250E+004 2.154611E+002) (1.013250E+005 1.823423E+002) (2.026500E+005 1.778498E+002) ))
(5.0000E+003 ( (1.013250E+004 2.185661E+002) (1.013250E+005 1.838452E+002) (2.026500E+005 1.791345E+002) ))
)