(
(3.0000E+002 ( (1.013250E+004 2.911993E-002) (1.013250E+005 2.911993E-002) (2.026500E+005 2.911993E-002) ))
(3.2000E+002 ( (1.013250E+004 2.909248E-002) (1.013250E+005 2.909248E-002) (2.026500E+005 2.909248E-002) ))
(3.4000E+002 ( (1.013250E+004 2.909164E-002) (1.013250E+005 2.909164E-002) (2.026500E+005 2.909164E-002) ))
(3.6000E+002 ( (1.013250E+004 2.911181E-002) (1.013250E+005 2.911181E-002) (2.026500E+005 2.911181E-002) ))
(3.8000E+002 ( (1.013250E+004 2.914934E-002) (1.013250E+005 2.914934E-002) (2.026500E+005 2.914934E-002) ))
(4.0000E+002 ( (1.013250E+004 2.920089E-002) (1.013250E+005 2.920089E-002) (2.026500E+005 2.920089E-002) ))
(4.2000E+002 ( (1.013250E+004 2.926420E-002) (1.013250E+005 2.926420E-002) (2.026500E+005 2.926420E-002) ))
(4.4000E+002 ( (1.013250E+004 2.933759E-002) (1.013250E+005 2.933759E-002) (2.026500E+005 2.933759E-002) ))
(4.6000E+002 ( (1.013250E+004 2.941967E-002) (1.013250E+005 2.941967E-002) (2.026500E+005 2.941967E-002) ))
(4.8000E+002 ( (1.013250E+004 2.950876E-002) (1.013250E+005 2.950876E-002) (2.026500E+005 2.950876E-002) ))
(5.0000E+002 ( (1.013250E+004 2.960428E-002) (1.013250E+005 2.960428E-002) (2.026500E+005 2.960428E-002) ))
(5.2000E+002 ( (1.013250E+004 2.970513E-002) (1.013250E+005 2.970513E-002) (2.026500E+005 2.970513E-002) ))
(5.4000E+002 ( (1.013250E+004 2.981074E-002) (1.013250E+005 2.981074E-002) (2.026500E+005 2.981074E-002) ))
(5.6000E+002 ( (1.013250E+004 2.992055E-002) (1.013250E+005 2.992055E-002) (2.026500E+005 2.992055E-002) ))
(5.8000E+002 ( (1.013250E+004 3.003373E-002) (1.013250E+005 3.003373E-002) (2.026500E+005 3.003373E-002) ))
(6.0000E+002 ( (1.013250E+004 3.014998E-002) (1.013250E+005 3.014998E-002) (2.026500E+005 3.014998E-002) ))
(6.2000E+002 ( (1.013250E+004 3.026904E-002) (1.013250E+005 3.026904E-002) (2.026500E+005 3.026904E-002) ))
(6.4000E+002 ( (1.013250E+004 3.039034E-002) (1.013250E+005 3.039034E-002) (2.026500E+005 3.039034E-002) ))
(6.6000E+002 ( (1.013250E+004 3.051388E-002) (1.013250E+005 3.051388E-002) (2.026500E+005 3.051388E-002) ))
(6.8000E+002 ( (1.013250E+004 3.063882E-002) (1.013250E+005 3.063882E-002) (2.026500E+005 3.063882E-002) ))
(7.0000E+002 ( (1.013250E+004 3.076516E-002) (1.013250E+005 3.076516E-002) (2.026500E+005 3.076516E-002) ))
(7.2000E+002 ( (1.013250E+004 3.089234E-002) (1.013250E+005 3.089234E-002) (2.026500E+005 3.089234E-002) ))
(7.4000E+002 ( (1.013250E+004 3.102064E-002) (1.013250E+005 3.102064E-002) (2.026500E+005 3.102064E-002) ))
(7.6000E+002 ( (1.013250E+004 3.114950E-002) (1.013250E+005 3.114950E-002) (2.026500E+005 3.114950E-002) ))
(7.8000E+002 ( (1.013250E+004 3.127892E-002) (1.013250E+005 3.127892E-002) (2.026500E+005 3.127892E-002) ))
(8.0000E+002 ( (1.013250E+004 3.140834E-002) (1.013250E+005 3.140834E-002) (2.026500E+005 3.140834E-002) ))
(8.2000E+002 ( (1.013250E+004 3.153777E-002) (1.013250E+005 3.153777E-002) (2.026500E+005 3.153777E-002) ))
(8.4000E+002 ( (1.013250E+004 3.166691E-002) (1.013250E+005 3.166691E-002) (2.026500E+005 3.166691E-002) ))
(8.6000E+002 ( (1.013250E+004 3.179549E-002) (1.013250E+005 3.179549E-002) (2.026500E+005 3.179549E-002) ))
(8.8000E+002 ( (1.013250E+004 3.192379E-002) (1.013250E+005 3.192379E-002) (2.026500E+005 3.192379E-002) ))
(9.0000E+002 ( (1.013250E+004 3.205097E-002) (1.013250E+005 3.205097E-002) (2.026500E+005 3.205097E-002) ))
(9.2000E+002 ( (1.013250E+004 3.217731E-002) (1.013250E+005 3.217731E-002) (2.026500E+005 3.217731E-002) ))
(9.4000E+002 ( (1.013250E+004 3.230253E-002) (1.013250E+005 3.230253E-002) (2.026500E+005 3.230253E-002) ))
(9.6000E+002 ( (1.013250E+004 3.242635E-002) (1.013250E+005 3.242635E-002) (2.026500E+005 3.242635E-002) ))
(9.8000E+002 ( (1.013250E+004 3.254877E-002) (1.013250E+005 3.254877E-002) (2.026500E+005 3.254877E-002) ))
(1.0000E+003 ( (1.013250E+004 3.266979E-002) (1.013250E+005 3.266979E-002) (2.026500E+005 3.266979E-002) ))
(1.0200E+003 ( (1.013250E+004 3.278856E-002) (1.013250E+005 3.278856E-002) (2.026500E+005 3.278856E-002) ))
(1.0400E+003 ( (1.013250E+004 3.290566E-002) (1.013250E+005 3.290566E-002) (2.026500E+005 3.290566E-002) ))
(1.0600E+003 ( (1.013250E+004 3.302052E-002) (1.013250E+005 3.302052E-002) (2.026500E+005 3.302052E-002) ))
(1.0800E+003 ( (1.013250E+004 3.313313E-002) (1.013250E+005 3.313313E-002) (2.026500E+005 3.313313E-002) ))
(1.1000E+003 ( (1.013250E+004 3.324350E-002) (1.013250E+005 3.324350E-002) (2.026500E+005 3.324350E-002) ))
(1.1200E+003 ( (1.013250E+004 3.335107E-002) (1.013250E+005 3.335107E-002) (2.026500E+005 3.335107E-002) ))
(1.1400E+003 ( (1.013250E+004 3.345584E-002) (1.013250E+005 3.345584E-002) (2.026500E+005 3.345584E-002) ))
(1.1600E+003 ( (1.013250E+004 3.355781E-002) (1.013250E+005 3.355781E-002) (2.026500E+005 3.355781E-002) ))
(1.1800E+003 ( (1.013250E+004 3.365670E-002) (1.013250E+005 3.365670E-002) (2.026500E+005 3.365670E-002) ))
(1.2000E+003 ( (1.013250E+004 3.375251E-002) (1.013250E+005 3.375251E-002) (2.026500E+005 3.375251E-002) ))
(1.2200E+003 ( (1.013250E+004 3.384467E-002) (1.013250E+005 3.384467E-002) (2.026500E+005 3.384467E-002) ))
(1.2400E+003 ( (1.013250E+004 3.393375E-002) (1.013250E+005 3.393375E-002) (2.026500E+005 3.393375E-002) ))
(1.2600E+003 ( (1.013250E+004 3.401975E-002) (1.013250E+005 3.401975E-002) (2.026500E+005 3.401975E-002) ))
(1.2800E+003 ( (1.013250E+004 3.410267E-002) (1.013250E+005 3.410267E-002) (2.026500E+005 3.410267E-002) ))
(1.3000E+003 ( (1.013250E+004 3.418279E-002) (1.013250E+005 3.418279E-002) (2.026500E+005 3.418279E-002) ))
(1.3200E+003 ( (1.013250E+004 3.426011E-002) (1.013250E+005 3.426011E-002) (2.026500E+005 3.426011E-002) ))
(1.3400E+003 ( (1.013250E+004 3.433518E-002) (1.013250E+005 3.433518E-002) (2.026500E+005 3.433518E-002) ))
(1.3600E+003 ( (1.013250E+004 3.440774E-002) (1.013250E+005 3.440774E-002) (2.026500E+005 3.440774E-002) ))
(1.3800E+003 ( (1.013250E+004 3.447805E-002) (1.013250E+005 3.447805E-002) (2.026500E+005 3.447805E-002) ))
(1.4000E+003 ( (1.013250E+004 3.454612E-002) (1.013250E+005 3.454612E-002) (2.026500E+005 3.454612E-002) ))
(1.4200E+003 ( (1.013250E+004 3.461252E-002) (1.013250E+005 3.461252E-002) (2.026500E+005 3.461252E-002) ))
(1.4400E+003 ( (1.013250E+004 3.467667E-002) (1.013250E+005 3.467667E-002) (2.026500E+005 3.467667E-002) ))
(1.4600E+003 ( (1.013250E+004 3.473914E-002) (1.013250E+005 3.473914E-002) (2.026500E+005 3.473914E-002) ))
(1.4800E+003 ( (1.013250E+004 3.479965E-002) (1.013250E+005 3.479965E-002) (2.026500E+005 3.479965E-002) ))
(1.5000E+003 ( (1.013250E+004 3.485875E-002) (1.013250E+005 3.485875E-002) (2.026500E+005 3.485875E-002) ))
(1.5200E+003 ( (1.013250E+004 3.491590E-002) (1.013250E+005 3.491590E-002) (2.026500E+005 3.491590E-002) ))
(1.5400E+003 ( (1.013250E+004 3.497193E-002) (1.013250E+005 3.497193E-002) (2.026500E+005 3.497193E-002) ))
(1.5600E+003 ( (1.013250E+004 3.502627E-002) (1.013250E+005 3.502627E-002) (2.026500E+005 3.502627E-002) ))
(1.5800E+003 ( (1.013250E+004 3.507922E-002) (1.013250E+005 3.507922E-002) (2.026500E+005 3.507922E-002) ))
(1.6000E+003 ( (1.013250E+004 3.513076E-002) (1.013250E+005 3.513076E-002) (2.026500E+005 3.513076E-002) ))
(1.6200E+003 ( (1.013250E+004 3.518119E-002) (1.013250E+005 3.518119E-002) (2.026500E+005 3.518119E-002) ))
(1.6400E+003 ( (1.013250E+004 3.523021E-002) (1.013250E+005 3.523021E-002) (2.026500E+005 3.523021E-002) ))
(1.6600E+003 ( (1.013250E+004 3.527812E-002) (1.013250E+005 3.527812E-002) (2.026500E+005 3.527812E-002) ))
(1.6800E+003 ( (1.013250E+004 3.532490E-002) (1.013250E+005 3.532490E-002) (2.026500E+005 3.532490E-002) ))
(1.7000E+003 ( (1.013250E+004 3.537084E-002) (1.013250E+005 3.537084E-002) (2.026500E+005 3.537084E-002) ))
(1.7200E+003 ( (1.013250E+004 3.541538E-002) (1.013250E+005 3.541538E-002) (2.026500E+005 3.541538E-002) ))
(1.7400E+003 ( (1.013250E+004 3.545908E-002) (1.013250E+005 3.545908E-002) (2.026500E+005 3.545908E-002) ))
(1.7600E+003 ( (1.013250E+004 3.550166E-002) (1.013250E+005 3.550166E-002) (2.026500E+005 3.550166E-002) ))
(1.7800E+003 ( (1.013250E+004 3.554340E-002) (1.013250E+005 3.554340E-002) (2.026500E+005 3.554340E-002) ))
(1.8000E+003 ( (1.013250E+004 3.558402E-002) (1.013250E+005 3.558402E-002) (2.026500E+005 3.558402E-002) ))
(1.8200E+003 ( (1.013250E+004 3.562408E-002) (1.013250E+005 3.562408E-002) (2.026500E+005 3.562408E-002) ))
(1.8400E+003 ( (1.013250E+004 3.566302E-002) (1.013250E+005 3.566302E-002) (2.026500E+005 3.566302E-002) ))
(1.8600E+003 ( (1.013250E+004 3.570112E-002) (1.013250E+005 3.570112E-002) (2.026500E+005 3.570112E-002) ))
(1.8800E+003 ( (1.013250E+004 3.573866E-002) (1.013250E+005 3.573866E-002) (2.026500E+005 3.573866E-002) ))
(1.9000E+003 ( (1.013250E+004 3.577535E-002) (1.013250E+005 3.577535E-002) (2.026500E+005 3.577535E-002) ))
(1.9200E+003 ( (1.013250E+004 3.581121E-002) (1.013250E+005 3.581121E-002) (2.026500E+005 3.581121E-002) ))
(1.9400E+003 ( (1.013250E+004 3.584623E-002) (1.013250E+005 3.584623E-002) (2.026500E+005 3.584623E-002) ))
(1.9600E+003 ( (1.013250E+004 3.588068E-002) (1.013250E+005 3.588068E-002) (2.026500E+005 3.588068E-002) ))
(1.9800E+003 ( (1.013250E+004 3.591458E-002) (1.013250E+005 3.591458E-002) (2.026500E+005 3.591458E-002) ))
(2.0000E+003 ( (1.013250E+004 3.594764E-002) (1.013250E+005 3.594764E-002) (2.026500E+005 3.594764E-002) ))
(2.0200E+003 ( (1.013250E+004 3.598013E-002) (1.013250E+005 3.598013E-002) (2.026500E+005 3.598013E-002) ))
(2.0400E+003 ( (1.013250E+004 3.601207E-002) (1.013250E+005 3.601207E-002) (2.026500E+005 3.601207E-002) ))
(2.0600E+003 ( (1.013250E+004 3.604316E-002) (1.013250E+005 3.604316E-002) (2.026500E+005 3.604316E-002) ))
(2.0800E+003 ( (1.013250E+004 3.607398E-002) (1.013250E+005 3.607398E-002) (2.026500E+005 3.607398E-002) ))
(2.1000E+003 ( (1.013250E+004 3.610395E-002) (1.013250E+005 3.610395E-002) (2.026500E+005 3.610395E-002) ))
(2.1200E+003 ( (1.013250E+004 3.613364E-002) (1.013250E+005 3.613364E-002) (2.026500E+005 3.613364E-002) ))
(2.1400E+003 ( (1.013250E+004 3.616250E-002) (1.013250E+005 3.616250E-002) (2.026500E+005 3.616250E-002) ))
(2.1600E+003 ( (1.013250E+004 3.619107E-002) (1.013250E+005 3.619107E-002) (2.026500E+005 3.619107E-002) ))
(2.1800E+003 ( (1.013250E+004 3.621909E-002) (1.013250E+005 3.621880E-002) (2.026500E+005 3.621880E-002) ))
(2.2000E+003 ( (1.013250E+004 3.624654E-002) (1.013250E+005 3.624626E-002) (2.026500E+005 3.624626E-002) ))
(2.2200E+003 ( (1.013250E+004 3.627343E-002) (1.013250E+005 3.627343E-002) (2.026500E+005 3.627315E-002) ))
(2.2400E+003 ( (1.013250E+004 3.630004E-002) (1.013250E+005 3.629976E-002) (2.026500E+005 3.629976E-002) ))
(2.2600E+003 ( (1.013250E+004 3.632610E-002) (1.013250E+005 3.632582E-002) (2.026500E+005 3.632582E-002) ))
(2.2800E+003 ( (1.013250E+004 3.635187E-002) (1.013250E+005 3.635131E-002) (2.026500E+005 3.635131E-002) ))
(2.3000E+003 ( (1.013250E+004 3.637680E-002) (1.013250E+005 3.637652E-002) (2.026500E+005 3.637652E-002) ))
(2.3200E+003 ( (1.013250E+004 3.640173E-002) (1.013250E+005 3.640117E-002) (2.026500E+005 3.640117E-002) ))
(2.3400E+003 ( (1.013250E+004 3.642610E-002) (1.013250E+005 3.642554E-002) (2.026500E+005 3.642526E-002) ))
(2.3600E+003 ( (1.013250E+004 3.645020E-002) (1.013250E+005 3.644936E-002) (2.026500E+005 3.644936E-002) ))
(2.3800E+003 ( (1.013250E+004 3.647373E-002) (1.013250E+005 3.647289E-002) (2.026500E+005 3.647261E-002) ))
(2.4000E+003 ( (1.013250E+004 3.649698E-002) (1.013250E+005 3.649586E-002) (2.026500E+005 3.649586E-002) ))
(2.4200E+003 ( (1.013250E+004 3.651995E-002) (1.013250E+005 3.651855E-002) (2.026500E+005 3.651855E-002) ))
(2.4400E+003 ( (1.013250E+004 3.654264E-002) (1.013250E+005 3.654096E-002) (2.026500E+005 3.654096E-002) ))
(2.4600E+003 ( (1.013250E+004 3.656505E-002) (1.013250E+005 3.656309E-002) (2.026500E+005 3.656281E-002) ))
(2.4800E+003 ( (1.013250E+004 3.658718E-002) (1.013250E+005 3.658466E-002) (2.026500E+005 3.658438E-002) ))
(2.5000E+003 ( (1.013250E+004 3.660903E-002) (1.013250E+005 3.660623E-002) (2.026500E+005 3.660567E-002) ))
(2.5200E+003 ( (1.013250E+004 3.663060E-002) (1.013250E+005 3.662724E-002) (2.026500E+005 3.662668E-002) ))
(2.5400E+003 ( (1.013250E+004 3.665189E-002) (1.013250E+005 3.664797E-002) (2.026500E+005 3.664741E-002) ))
(2.5600E+003 ( (1.013250E+004 3.667290E-002) (1.013250E+005 3.666842E-002) (2.026500E+005 3.666786E-002) ))
(2.5800E+003 ( (1.013250E+004 3.669391E-002) (1.013250E+005 3.668859E-002) (2.026500E+005 3.668775E-002) ))
(2.6000E+003 ( (1.013250E+004 3.671464E-002) (1.013250E+005 3.670848E-002) (2.026500E+005 3.670764E-002) ))
(2.6200E+003 ( (1.013250E+004 3.673537E-002) (1.013250E+005 3.672809E-002) (2.026500E+005 3.672725E-002) ))
(2.6400E+003 ( (1.013250E+004 3.675610E-002) (1.013250E+005 3.674770E-002) (2.026500E+005 3.674630E-002) ))
(2.6600E+003 ( (1.013250E+004 3.677683E-002) (1.013250E+005 3.676675E-002) (2.026500E+005 3.676535E-002) ))
(2.6800E+003 ( (1.013250E+004 3.679728E-002) (1.013250E+005 3.678580E-002) (2.026500E+005 3.678412E-002) ))
(2.7000E+003 ( (1.013250E+004 3.681801E-002) (1.013250E+005 3.680457E-002) (2.026500E+005 3.680288E-002) ))
(2.7200E+003 ( (1.013250E+004 3.683874E-002) (1.013250E+005 3.682333E-002) (2.026500E+005 3.682109E-002) ))
(2.7400E+003 ( (1.013250E+004 3.685947E-002) (1.013250E+005 3.684182E-002) (2.026500E+005 3.683930E-002) ))
(2.7600E+003 ( (1.013250E+004 3.688048E-002) (1.013250E+005 3.686003E-002) (2.026500E+005 3.685751E-002) ))
(2.7800E+003 ( (1.013250E+004 3.690177E-002) (1.013250E+005 3.687852E-002) (2.026500E+005 3.687516E-002) ))
(2.8000E+003 ( (1.013250E+004 3.692334E-002) (1.013250E+005 3.689673E-002) (2.026500E+005 3.689309E-002) ))
(2.8200E+003 ( (1.013250E+004 3.694547E-002) (1.013250E+005 3.691466E-002) (2.026500E+005 3.691074E-002) ))
(2.8400E+003 ( (1.013250E+004 3.696788E-002) (1.013250E+005 3.693287E-002) (2.026500E+005 3.692810E-002) ))
(2.8600E+003 ( (1.013250E+004 3.699057E-002) (1.013250E+005 3.695108E-002) (2.026500E+005 3.694547E-002) ))
(2.8800E+003 ( (1.013250E+004 3.701411E-002) (1.013250E+005 3.696900E-002) (2.026500E+005 3.696284E-002) ))
(2.9000E+003 ( (1.013250E+004 3.703820E-002) (1.013250E+005 3.698721E-002) (2.026500E+005 3.698021E-002) ))
(2.9200E+003 ( (1.013250E+004 3.706341E-002) (1.013250E+005 3.700542E-002) (2.026500E+005 3.699758E-002) ))
(2.9400E+003 ( (1.013250E+004 3.708918E-002) (1.013250E+005 3.702391E-002) (2.026500E+005 3.701495E-002) ))
(2.9600E+003 ( (1.013250E+004 3.711607E-002) (1.013250E+005 3.704240E-002) (2.026500E+005 3.703259E-002) ))
(2.9800E+003 ( (1.013250E+004 3.714409E-002) (1.013250E+005 3.706117E-002) (2.026500E+005 3.704996E-002) ))
(3.0000E+003 ( (1.013250E+004 3.717322E-002) (1.013250E+005 3.708022E-002) (2.026500E+005 3.706761E-002) ))
(3.0200E+003 ( (1.013250E+004 3.720404E-002) (1.013250E+005 3.709955E-002) (2.026500E+005 3.708554E-002) ))
(3.0400E+003 ( (1.013250E+004 3.723625E-002) (1.013250E+005 3.711916E-002) (2.026500E+005 3.710347E-002) ))
(3.0600E+003 ( (1.013250E+004 3.727015E-002) (1.013250E+005 3.713933E-002) (2.026500E+005 3.712168E-002) ))
(3.0800E+003 ( (1.013250E+004 3.730601E-002) (1.013250E+005 3.715978E-002) (2.026500E+005 3.714017E-002) ))
(3.1000E+003 ( (1.013250E+004 3.734382E-002) (1.013250E+005 3.718079E-002) (2.026500E+005 3.715865E-002) ))
(3.1200E+003 ( (1.013250E+004 3.738388E-002) (1.013250E+005 3.720236E-002) (2.026500E+005 3.717798E-002) ))
(3.1400E+003 ( (1.013250E+004 3.742646E-002) (1.013250E+005 3.722477E-002) (2.026500E+005 3.719731E-002) ))
(3.1600E+003 ( (1.013250E+004 3.747156E-002) (1.013250E+005 3.724774E-002) (2.026500E+005 3.721748E-002) ))
(3.1800E+003 ( (1.013250E+004 3.751975E-002) (1.013250E+005 3.727155E-002) (2.026500E+005 3.723793E-002) ))
(3.2000E+003 ( (1.013250E+004 3.757101E-002) (1.013250E+005 3.729620E-002) (2.026500E+005 3.725894E-002) ))
(3.2200E+003 ( (1.013250E+004 3.762564E-002) (1.013250E+005 3.732169E-002) (2.026500E+005 3.728051E-002) ))
(3.2400E+003 ( (1.013250E+004 3.768391E-002) (1.013250E+005 3.734831E-002) (2.026500E+005 3.730292E-002) ))
(3.2600E+003 ( (1.013250E+004 3.774638E-002) (1.013250E+005 3.737632E-002) (2.026500E+005 3.732617E-002) ))
(3.2800E+003 ( (1.013250E+004 3.781305E-002) (1.013250E+005 3.740517E-002) (2.026500E+005 3.734999E-002) ))
(3.3000E+003 ( (1.013250E+004 3.788420E-002) (1.013250E+005 3.743571E-002) (2.026500E+005 3.737492E-002) ))
(3.3200E+003 ( (1.013250E+004 3.796040E-002) (1.013250E+005 3.746764E-002) (2.026500E+005 3.740069E-002) ))
(3.3400E+003 ( (1.013250E+004 3.804192E-002) (1.013250E+005 3.750098E-002) (2.026500E+005 3.742758E-002) ))
(3.3600E+003 ( (1.013250E+004 3.812904E-002) (1.013250E+005 3.753600E-002) (2.026500E+005 3.745588E-002) ))
(3.3800E+003 ( (1.013250E+004 3.822232E-002) (1.013250E+005 3.757297E-002) (2.026500E+005 3.748501E-002) ))
(3.4000E+003 ( (1.013250E+004 3.832205E-002) (1.013250E+005 3.761191E-002) (2.026500E+005 3.751583E-002) ))
(3.4200E+003 ( (1.013250E+004 3.842878E-002) (1.013250E+005 3.765309E-002) (2.026500E+005 3.754776E-002) ))
(3.4400E+003 ( (1.013250E+004 3.854308E-002) (1.013250E+005 3.769623E-002) (2.026500E+005 3.758166E-002) ))
(3.4600E+003 ( (1.013250E+004 3.866522E-002) (1.013250E+005 3.774189E-002) (2.026500E+005 3.761695E-002) ))
(3.4800E+003 ( (1.013250E+004 3.879576E-002) (1.013250E+005 3.779036E-002) (2.026500E+005 3.765393E-002) ))
(3.5000E+003 ( (1.013250E+004 3.893498E-002) (1.013250E+005 3.784134E-002) (2.026500E+005 3.769315E-002) ))
(3.5200E+003 ( (1.013250E+004 3.908402E-002) (1.013250E+005 3.789513E-002) (2.026500E+005 3.773405E-002) ))
(3.5400E+003 ( (1.013250E+004 3.924313E-002) (1.013250E+005 3.795227E-002) (2.026500E+005 3.777719E-002) ))
(3.5600E+003 ( (1.013250E+004 3.941261E-002) (1.013250E+005 3.801250E-002) (2.026500E+005 3.782285E-002) ))
(3.5800E+003 ( (1.013250E+004 3.959358E-002) (1.013250E+005 3.807637E-002) (2.026500E+005 3.787076E-002) ))
(3.6000E+003 ( (1.013250E+004 3.978659E-002) (1.013250E+005 3.814389E-002) (2.026500E+005 3.792118E-002) ))
(3.6200E+003 ( (1.013250E+004 3.999221E-002) (1.013250E+005 3.821532E-002) (2.026500E+005 3.797440E-002) ))
(3.6400E+003 ( (1.013250E+004 4.021127E-002) (1.013250E+005 3.829096E-002) (2.026500E+005 3.803071E-002) ))
(3.6600E+003 ( (1.013250E+004 4.044435E-002) (1.013250E+005 3.837079E-002) (2.026500E+005 3.808982E-002) ))
(3.6800E+003 ( (1.013250E+004 4.069226E-002) (1.013250E+005 3.845539E-002) (2.026500E+005 3.815257E-002) ))
(3.7000E+003 ( (1.013250E+004 4.095615E-002) (1.013250E+005 3.854504E-002) (2.026500E+005 3.821840E-002) ))
(3.7200E+003 ( (1.013250E+004 4.123629E-002) (1.013250E+005 3.863972E-002) (2.026500E+005 3.828787E-002) ))
(3.7400E+003 ( (1.013250E+004 4.153379E-002) (1.013250E+005 3.873973E-002) (2.026500E+005 3.836127E-002) ))
(3.7600E+003 ( (1.013250E+004 4.184950E-002) (1.013250E+005 3.884534E-002) (2.026500E+005 3.843859E-002) ))
(3.7800E+003 ( (1.013250E+004 4.218426E-002) (1.013250E+005 3.895739E-002) (2.026500E+005 3.852011E-002) ))
(3.8000E+003 ( (1.013250E+004 4.253919E-002) (1.013250E+005 3.907533E-002) (2.026500E+005 3.860611E-002) ))
(3.8200E+003 ( (1.013250E+004 4.291541E-002) (1.013250E+005 3.919999E-002) (2.026500E+005 3.869687E-002) ))
(3.8400E+003 ( (1.013250E+004 4.331376E-002) (1.013250E+005 3.933165E-002) (2.026500E+005 3.879240E-002) ))
(3.8600E+003 ( (1.013250E+004 4.373508E-002) (1.013250E+005 3.947060E-002) (2.026500E+005 3.889296E-002) ))
(3.8800E+003 ( (1.013250E+004 4.418077E-002) (1.013250E+005 3.961711E-002) (2.026500E+005 3.899885E-002) ))
(3.9000E+003 ( (1.013250E+004 4.465168E-002) (1.013250E+005 3.977174E-002) (2.026500E+005 3.911063E-002) ))
(3.9200E+003 ( (1.013250E+004 4.514948E-002) (1.013250E+005 3.993450E-002) (2.026500E+005 3.922800E-002) ))
(3.9400E+003 ( (1.013250E+004 4.567473E-002) (1.013250E+005 4.010594E-002) (2.026500E+005 3.935182E-002) ))
(3.9600E+003 ( (1.013250E+004 4.622883E-002) (1.013250E+005 4.028663E-002) (2.026500E+005 3.948181E-002) ))
(3.9800E+003 ( (1.013250E+004 4.681319E-002) (1.013250E+005 4.047684E-002) (2.026500E+005 3.961851E-002) ))
(4.0000E+003 ( (1.013250E+004 4.742921E-002) (1.013250E+005 4.067686E-002) (2.026500E+005 3.976250E-002) ))
(4.0200E+003 ( (1.013250E+004 4.807772E-002) (1.013250E+005 4.088752E-002) (2.026500E+005 3.991349E-002) ))
(4.0400E+003 ( (1.013250E+004 4.876068E-002) (1.013250E+005 4.110854E-002) (2.026500E+005 4.007205E-002) ))
(4.0600E+003 ( (1.013250E+004 4.947923E-002) (1.013250E+005 4.134106E-002) (2.026500E+005 4.023873E-002) ))
(4.0800E+003 ( (1.013250E+004 5.023475E-002) (1.013250E+005 4.158505E-002) (2.026500E+005 4.041353E-002) ))
(4.1000E+003 ( (1.013250E+004 5.102865E-002) (1.013250E+005 4.184137E-002) (2.026500E+005 4.059674E-002) ))
(4.1200E+003 ( (1.013250E+004 5.186261E-002) (1.013250E+005 4.211030E-002) (2.026500E+005 4.078919E-002) ))
(4.1400E+003 ( (1.013250E+004 5.273831E-002) (1.013250E+005 4.239212E-002) (2.026500E+005 4.099061E-002) ))
(4.1600E+003 ( (1.013250E+004 5.365687E-002) (1.013250E+005 4.268794E-002) (2.026500E+005 4.120183E-002) ))
(4.1800E+003 ( (1.013250E+004 5.462053E-002) (1.013250E+005 4.299749E-002) (2.026500E+005 4.142313E-002) ))
(4.2000E+003 ( (1.013250E+004 5.563041E-002) (1.013250E+005 4.332188E-002) (2.026500E+005 4.165453E-002) ))
(4.2200E+003 ( (1.013250E+004 5.668876E-002) (1.013250E+005 4.366169E-002) (2.026500E+005 4.189684E-002) ))
(4.2400E+003 ( (1.013250E+004 5.779669E-002) (1.013250E+005 4.401690E-002) (2.026500E+005 4.215036E-002) ))
(4.2600E+003 ( (1.013250E+004 5.895644E-002) (1.013250E+005 4.438863E-002) (2.026500E+005 4.241537E-002) ))
(4.2800E+003 ( (1.013250E+004 6.016970E-002) (1.013250E+005 4.477746E-002) (2.026500E+005 4.269214E-002) ))
(4.3000E+003 ( (1.013250E+004 6.143815E-002) (1.013250E+005 4.518365E-002) (2.026500E+005 4.298152E-002) ))
(4.3200E+003 ( (1.013250E+004 6.276402E-002) (1.013250E+005 4.560778E-002) (2.026500E+005 4.328350E-002) ))
(4.3400E+003 ( (1.013250E+004 6.414901E-002) (1.013250E+005 4.605067E-002) (2.026500E+005 4.359894E-002) ))
(4.3600E+003 ( (1.013250E+004 6.559506E-002) (1.013250E+005 4.651317E-002) (2.026500E+005 4.392781E-002) ))
(4.3800E+003 ( (1.013250E+004 6.710414E-002) (1.013250E+005 4.699528E-002) (2.026500E+005 4.427098E-002) ))
(4.4000E+003 ( (1.013250E+004 6.867877E-002) (1.013250E+005 4.749840E-002) (2.026500E+005 4.462871E-002) ))
(4.4200E+003 ( (1.013250E+004 7.032036E-002) (1.013250E+005 4.802253E-002) (2.026500E+005 4.500157E-002) ))
(4.4400E+003 ( (1.013250E+004 7.203142E-002) (1.013250E+005 4.856879E-002) (2.026500E+005 4.538983E-002) ))
(4.4600E+003 ( (1.013250E+004 7.381391E-002) (1.013250E+005 4.913746E-002) (2.026500E+005 4.579407E-002) ))
(4.4800E+003 ( (1.013250E+004 7.567008E-002) (1.013250E+005 4.972967E-002) (2.026500E+005 4.621483E-002) ))
(4.5000E+003 ( (1.013250E+004 7.760216E-002) (1.013250E+005 5.034596E-002) (2.026500E+005 4.665268E-002) ))
(4.5200E+003 ( (1.013250E+004 7.961212E-002) (1.013250E+005 5.098719E-002) (2.026500E+005 4.710817E-002) ))
(4.5400E+003 ( (1.013250E+004 8.170276E-002) (1.013250E+005 5.165363E-002) (2.026500E+005 4.758160E-002) ))
(4.5600E+003 ( (1.013250E+004 8.387632E-002) (1.013250E+005 5.234668E-002) (2.026500E+005 4.807352E-002) ))
(4.5800E+003 ( (1.013250E+004 8.613448E-002) (1.013250E+005 5.306662E-002) (2.026500E+005 4.858476E-002) ))
(4.6000E+003 ( (1.013250E+004 8.848032E-002) (1.013250E+005 5.381430E-002) (2.026500E+005 4.911561E-002) ))
(4.6200E+003 ( (1.013250E+004 9.091609E-002) (1.013250E+005 5.459055E-002) (2.026500E+005 4.966664E-002) ))
(4.6400E+003 ( (1.013250E+004 9.344402E-002) (1.013250E+005 5.539622E-002) (2.026500E+005 5.023839E-002) ))
(4.6600E+003 ( (1.013250E+004 9.606663E-002) (1.013250E+005 5.623214E-002) (2.026500E+005 5.083171E-002) ))
(4.6800E+003 ( (1.013250E+004 9.878617E-002) (1.013250E+005 5.709915E-002) (2.026500E+005 5.144689E-002) ))
(4.7000E+003 ( (1.013250E+004 1.016057E-001) (1.013250E+005 5.799782E-002) (2.026500E+005 5.208447E-002) ))
(4.7200E+003 ( (1.013250E+004 1.045270E-001) (1.013250E+005 5.892927E-002) (2.026500E+005 5.274531E-002) ))
(4.7400E+003 ( (1.013250E+004 1.075532E-001) (1.013250E+005 5.989405E-002) (2.026500E+005 5.342968E-002) ))
(4.7600E+003 ( (1.013250E+004 1.106863E-001) (1.013250E+005 6.089329E-002) (2.026500E+005 5.413842E-002) ))
(4.7800E+003 ( (1.013250E+004 1.139294E-001) (1.013250E+005 6.192782E-002) (2.026500E+005 5.487237E-002) ))
(4.8000E+003 ( (1.013250E+004 1.172845E-001) (1.013250E+005 6.299821E-002) (2.026500E+005 5.563153E-002) ))
(4.8200E+003 ( (1.013250E+004 1.207546E-001) (1.013250E+005 6.410586E-002) (2.026500E+005 5.641703E-002) ))
(4.8400E+003 ( (1.013250E+004 1.243420E-001) (1.013250E+005 6.525133E-002) (2.026500E+005 5.722942E-002) ))
(4.8600E+003 ( (1.013250E+004 1.280490E-001) (1.013250E+005 6.643574E-002) (2.026500E+005 5.806926E-002) ))
(4.8800E+003 ( (1.013250E+004 1.318787E-001) (1.013250E+005 6.765964E-002) (2.026500E+005 5.893711E-002) ))
(4.9000E+003 ( (1.013250E+004 1.358331E-001) (1.013250E+005 6.892445E-002) (2.026500E+005 5.983410E-002) ))
(4.9200E+003 ( (1.013250E+004 1.399149E-001) (1.013250E+005 7.023071E-002) (2.026500E+005 6.076022E-002) ))
(4.9400E+003 ( (1.013250E+004 1.441267E-001) (1.013250E+005 7.157928E-002) (2.026500E+005 6.171660E-002) ))
(4.9600E+003 ( (1.013250E+004 1.484707E-001) (1.013250E+005 7.297155E-002) (2.026500E+005 6.270379E-002) ))
(4.9800E+003 ( (1.013250E+004 1.529492E-001) (1.013250E+005 7.440835E-002) (2.026500E+005 6.372236E-002) ))
(5.0000E+003 ( (1.013250E+004 1.575647E-001) (1.013250E+005 7.589026E-002) (2.026500E+005 6.477342E-002) ))
)