(
(3.0000E+002 ( (1.013250E+004 2.801340E+001) (1.013250E+005 2.801340E+001) (2.026500E+005 2.801340E+001) ))
(3.2000E+002 ( (1.013250E+004 2.801340E+001) (1.013250E+005 2.801340E+001) (2.026500E+005 2.801340E+001) ))
(3.4000E+002 ( (1.013250E+004 2.801340E+001) (1.013250E+005 2.801340E+001) (2.026500E+005 2.801340E+001) ))
(3.6000E+002 ( (1.013250E+004 2.801340E+001) (1.013250E+005 2.801340E+001) (2.026500E+005 2.801340E+001) ))
(3.8000E+002 ( (1.013250E+004 2.801340E+001) (1.013250E+005 2.801340E+001) (2.026500E+005 2.801340E+001) ))
(4.0000E+002 ( (1.013250E+004 2.801340E+001) (1.013250E+005 2.801340E+001) (2.026500E+005 2.801340E+001) ))
(4.2000E+002 ( (1.013250E+004 2.801340E+001) (1.013250E+005 2.801340E+001) (2.026500E+005 2.801340E+001) ))
(4.4000E+002 ( (1.013250E+004 2.801340E+001) (1.013250E+005 2.801340E+001) (2.026500E+005 2.801340E+001) ))
(4.6000E+002 ( (1.013250E+004 2.801340E+001) (1.013250E+005 2.801340E+001) (2.026500E+005 2.801340E+001) ))
(4.8000E+002 ( (1.013250E+004 2.801340E+001) (1.013250E+005 2.801340E+001) (2.026500E+005 2.801340E+001) ))
(5.0000E+002 ( (1.013250E+004 2.801340E+001) (1.013250E+005 2.801340E+001) (2.026500E+005 2.801340E+001) ))
(5.2000E+002 ( (1.013250E+004 2.801340E+001) (1.013250E+005 2.801340E+001) (2.026500E+005 2.801340E+001) ))
(5.4000E+002 ( (1.013250E+004 2.801340E+001) (1.013250E+005 2.801340E+001) (2.026500E+005 2.801340E+001) ))
(5.6000E+002 ( (1.013250E+004 2.801340E+001) (1.013250E+005 2.801340E+001) (2.026500E+005 2.801340E+001) ))
(5.8000E+002 ( (1.013250E+004 2.801340E+001) (1.013250E+005 2.801340E+001) (2.026500E+005 2.801340E+001) ))
(6.0000E+002 ( (1.013250E+004 2.801340E+001) (1.013250E+005 2.801340E+001) (2.026500E+005 2.801340E+001) ))
(6.2000E+002 ( (1.013250E+004 2.801340E+001) (1.013250E+005 2.801340E+001) (2.026500E+005 2.801340E+001) ))
(6.4000E+002 ( (1.013250E+004 2.801340E+001) (1.013250E+005 2.801340E+001) (2.026500E+005 2.801340E+001) ))
(6.6000E+002 ( (1.013250E+004 2.801340E+001) (1.013250E+005 2.801340E+001) (2.026500E+005 2.801340E+001) ))
(6.8000E+002 ( (1.013250E+004 2.801340E+001) (1.013250E+005 2.801340E+001) (2.026500E+005 2.801340E+001) ))
(7.0000E+002 ( (1.013250E+004 2.801340E+001) (1.013250E+005 2.801340E+001) (2.026500E+005 2.801340E+001) ))
(7.2000E+002 ( (1.013250E+004 2.801340E+001) (1.013250E+005 2.801340E+001) (2.026500E+005 2.801340E+001) ))
(7.4000E+002 ( (1.013250E+004 2.801340E+001) (1.013250E+005 2.801340E+001) (2.026500E+005 2.801340E+001) ))
(7.6000E+002 ( (1.013250E+004 2.801340E+001) (1.013250E+005 2.801340E+001) (2.026500E+005 2.801340E+001) ))
(7.8000E+002 ( (1.013250E+004 2.801340E+001) (1.013250E+005 2.801340E+001) (2.026500E+005 2.801340E+001) ))
(8.0000E+002 ( (1.013250E+004 2.801340E+001) (1.013250E+005 2.801340E+001) (2.026500E+005 2.801340E+001) ))
(8.2000E+002 ( (1.013250E+004 2.801340E+001) (1.013250E+005 2.801340E+001) (2.026500E+005 2.801340E+001) ))
(8.4000E+002 ( (1.013250E+004 2.801340E+001) (1.013250E+005 2.801340E+001) (2.026500E+005 2.801340E+001) ))
(8.6000E+002 ( (1.013250E+004 2.801340E+001) (1.013250E+005 2.801340E+001) (2.026500E+005 2.801340E+001) ))
(8.8000E+002 ( (1.013250E+004 2.801340E+001) (1.013250E+005 2.801340E+001) (2.026500E+005 2.801340E+001) ))
(9.0000E+002 ( (1.013250E+004 2.801340E+001) (1.013250E+005 2.801340E+001) (2.026500E+005 2.801340E+001) ))
(9.2000E+002 ( (1.013250E+004 2.801340E+001) (1.013250E+005 2.801340E+001) (2.026500E+005 2.801340E+001) ))
(9.4000E+002 ( (1.013250E+004 2.801340E+001) (1.013250E+005 2.801340E+001) (2.026500E+005 2.801340E+001) ))
(9.6000E+002 ( (1.013250E+004 2.801340E+001) (1.013250E+005 2.801340E+001) (2.026500E+005 2.801340E+001) ))
(9.8000E+002 ( (1.013250E+004 2.801340E+001) (1.013250E+005 2.801340E+001) (2.026500E+005 2.801340E+001) ))
(1.0000E+003 ( (1.013250E+004 2.801340E+001) (1.013250E+005 2.801340E+001) (2.026500E+005 2.801340E+001) ))
(1.0200E+003 ( (1.013250E+004 2.801340E+001) (1.013250E+005 2.801340E+001) (2.026500E+005 2.801340E+001) ))
(1.0400E+003 ( (1.013250E+004 2.801340E+001) (1.013250E+005 2.801340E+001) (2.026500E+005 2.801340E+001) ))
(1.0600E+003 ( (1.013250E+004 2.801340E+001) (1.013250E+005 2.801340E+001) (2.026500E+005 2.801340E+001) ))
(1.0800E+003 ( (1.013250E+004 2.801340E+001) (1.013250E+005 2.801340E+001) (2.026500E+005 2.801340E+001) ))
(1.1000E+003 ( (1.013250E+004 2.801340E+001) (1.013250E+005 2.801340E+001) (2.026500E+005 2.801340E+001) ))
(1.1200E+003 ( (1.013250E+004 2.801340E+001) (1.013250E+005 2.801340E+001) (2.026500E+005 2.801340E+001) ))
(1.1400E+003 ( (1.013250E+004 2.801340E+001) (1.013250E+005 2.801340E+001) (2.026500E+005 2.801340E+001) ))
(1.1600E+003 ( (1.013250E+004 2.801340E+001) (1.013250E+005 2.801340E+001) (2.026500E+005 2.801340E+001) ))
(1.1800E+003 ( (1.013250E+004 2.801340E+001) (1.013250E+005 2.801340E+001) (2.026500E+005 2.801340E+001) ))
(1.2000E+003 ( (1.013250E+004 2.801340E+001) (1.013250E+005 2.801340E+001) (2.026500E+005 2.801340E+001) ))
(1.2200E+003 ( (1.013250E+004 2.801340E+001) (1.013250E+005 2.801340E+001) (2.026500E+005 2.801340E+001) ))
(1.2400E+003 ( (1.013250E+004 2.801340E+001) (1.013250E+005 2.801340E+001) (2.026500E+005 2.801340E+001) ))
(1.2600E+003 ( (1.013250E+004 2.801340E+001) (1.013250E+005 2.801340E+001) (2.026500E+005 2.801340E+001) ))
(1.2800E+003 ( (1.013250E+004 2.801340E+001) (1.013250E+005 2.801340E+001) (2.026500E+005 2.801340E+001) ))
(1.3000E+003 ( (1.013250E+004 2.801340E+001) (1.013250E+005 2.801340E+001) (2.026500E+005 2.801340E+001) ))
(1.3200E+003 ( (1.013250E+004 2.801340E+001) (1.013250E+005 2.801340E+001) (2.026500E+005 2.801340E+001) ))
(1.3400E+003 ( (1.013250E+004 2.801340E+001) (1.013250E+005 2.801340E+001) (2.026500E+005 2.801340E+001) ))
(1.3600E+003 ( (1.013250E+004 2.801340E+001) (1.013250E+005 2.801340E+001) (2.026500E+005 2.801340E+001) ))
(1.3800E+003 ( (1.013250E+004 2.801340E+001) (1.013250E+005 2.801340E+001) (2.026500E+005 2.801340E+001) ))
(1.4000E+003 ( (1.013250E+004 2.801340E+001) (1.013250E+005 2.801340E+001) (2.026500E+005 2.801340E+001) ))
(1.4200E+003 ( (1.013250E+004 2.801340E+001) (1.013250E+005 2.801340E+001) (2.026500E+005 2.801340E+001) ))
(1.4400E+003 ( (1.013250E+004 2.801340E+001) (1.013250E+005 2.801340E+001) (2.026500E+005 2.801340E+001) ))
(1.4600E+003 ( (1.013250E+004 2.801340E+001) (1.013250E+005 2.801340E+001) (2.026500E+005 2.801340E+001) ))
(1.4800E+003 ( (1.013250E+004 2.801340E+001) (1.013250E+005 2.801340E+001) (2.026500E+005 2.801340E+001) ))
(1.5000E+003 ( (1.013250E+004 2.801340E+001) (1.013250E+005 2.801340E+001) (2.026500E+005 2.801340E+001) ))
(1.5200E+003 ( (1.013250E+004 2.801340E+001) (1.013250E+005 2.801340E+001) (2.026500E+005 2.801340E+001) ))
(1.5400E+003 ( (1.013250E+004 2.801340E+001) (1.013250E+005 2.801340E+001) (2.026500E+005 2.801340E+001) ))
(1.5600E+003 ( (1.013250E+004 2.801340E+001) (1.013250E+005 2.801340E+001) (2.026500E+005 2.801340E+001) ))
(1.5800E+003 ( (1.013250E+004 2.801340E+001) (1.013250E+005 2.801340E+001) (2.026500E+005 2.801340E+001) ))
(1.6000E+003 ( (1.013250E+004 2.801340E+001) (1.013250E+005 2.801340E+001) (2.026500E+005 2.801340E+001) ))
(1.6200E+003 ( (1.013250E+004 2.801340E+001) (1.013250E+005 2.801340E+001) (2.026500E+005 2.801340E+001) ))
(1.6400E+003 ( (1.013250E+004 2.801340E+001) (1.013250E+005 2.801340E+001) (2.026500E+005 2.801340E+001) ))
(1.6600E+003 ( (1.013250E+004 2.801340E+001) (1.013250E+005 2.801340E+001) (2.026500E+005 2.801340E+001) ))
(1.6800E+003 ( (1.013250E+004 2.801340E+001) (1.013250E+005 2.801340E+001) (2.026500E+005 2.801340E+001) ))
(1.7000E+003 ( (1.013250E+004 2.801340E+001) (1.013250E+005 2.801340E+001) (2.026500E+005 2.801340E+001) ))
(1.7200E+003 ( (1.013250E+004 2.801340E+001) (1.013250E+005 2.801340E+001) (2.026500E+005 2.801340E+001) ))
(1.7400E+003 ( (1.013250E+004 2.801340E+001) (1.013250E+005 2.801340E+001) (2.026500E+005 2.801340E+001) ))
(1.7600E+003 ( (1.013250E+004 2.801340E+001) (1.013250E+005 2.801340E+001) (2.026500E+005 2.801340E+001) ))
(1.7800E+003 ( (1.013250E+004 2.801340E+001) (1.013250E+005 2.801340E+001) (2.026500E+005 2.801340E+001) ))
(1.8000E+003 ( (1.013250E+004 2.801340E+001) (1.013250E+005 2.801340E+001) (2.026500E+005 2.801340E+001) ))
(1.8200E+003 ( (1.013250E+004 2.801340E+001) (1.013250E+005 2.801340E+001) (2.026500E+005 2.801340E+001) ))
(1.8400E+003 ( (1.013250E+004 2.801340E+001) (1.013250E+005 2.801340E+001) (2.026500E+005 2.801340E+001) ))
(1.8600E+003 ( (1.013250E+004 2.801340E+001) (1.013250E+005 2.801340E+001) (2.026500E+005 2.801340E+001) ))
(1.8800E+003 ( (1.013250E+004 2.801340E+001) (1.013250E+005 2.801340E+001) (2.026500E+005 2.801340E+001) ))
(1.9000E+003 ( (1.013250E+004 2.801340E+001) (1.013250E+005 2.801340E+001) (2.026500E+005 2.801340E+001) ))
(1.9200E+003 ( (1.013250E+004 2.801340E+001) (1.013250E+005 2.801340E+001) (2.026500E+005 2.801340E+001) ))
(1.9400E+003 ( (1.013250E+004 2.801340E+001) (1.013250E+005 2.801340E+001) (2.026500E+005 2.801340E+001) ))
(1.9600E+003 ( (1.013250E+004 2.801340E+001) (1.013250E+005 2.801340E+001) (2.026500E+005 2.801340E+001) ))
(1.9800E+003 ( (1.013250E+004 2.801340E+001) (1.013250E+005 2.801340E+001) (2.026500E+005 2.801340E+001) ))
(2.0000E+003 ( (1.013250E+004 2.801340E+001) (1.013250E+005 2.801340E+001) (2.026500E+005 2.801340E+001) ))
(2.0200E+003 ( (1.013250E+004 2.801340E+001) (1.013250E+005 2.801340E+001) (2.026500E+005 2.801340E+001) ))
(2.0400E+003 ( (1.013250E+004 2.801340E+001) (1.013250E+005 2.801340E+001) (2.026500E+005 2.801340E+001) ))
(2.0600E+003 ( (1.013250E+004 2.801340E+001) (1.013250E+005 2.801340E+001) (2.026500E+005 2.801340E+001) ))
(2.0800E+003 ( (1.013250E+004 2.801340E+001) (1.013250E+005 2.801340E+001) (2.026500E+005 2.801340E+001) ))
(2.1000E+003 ( (1.013250E+004 2.801340E+001) (1.013250E+005 2.801340E+001) (2.026500E+005 2.801340E+001) ))
(2.1200E+003 ( (1.013250E+004 2.801340E+001) (1.013250E+005 2.801340E+001) (2.026500E+005 2.801340E+001) ))
(2.1400E+003 ( (1.013250E+004 2.801340E+001) (1.013250E+005 2.801340E+001) (2.026500E+005 2.801340E+001) ))
(2.1600E+003 ( (1.013250E+004 2.801340E+001) (1.013250E+005 2.801340E+001) (2.026500E+005 2.801340E+001) ))
(2.1800E+003 ( (1.013250E+004 2.801340E+001) (1.013250E+005 2.801340E+001) (2.026500E+005 2.801340E+001) ))
(2.2000E+003 ( (1.013250E+004 2.801340E+001) (1.013250E+005 2.801340E+001) (2.026500E+005 2.801340E+001) ))
(2.2200E+003 ( (1.013250E+004 2.801340E+001) (1.013250E+005 2.801340E+001) (2.026500E+005 2.801340E+001) ))
(2.2400E+003 ( (1.013250E+004 2.801340E+001) (1.013250E+005 2.801340E+001) (2.026500E+005 2.801340E+001) ))
(2.2600E+003 ( (1.013250E+004 2.801340E+001) (1.013250E+005 2.801340E+001) (2.026500E+005 2.801340E+001) ))
(2.2800E+003 ( (1.013250E+004 2.801340E+001) (1.013250E+005 2.801340E+001) (2.026500E+005 2.801340E+001) ))
(2.3000E+003 ( (1.013250E+004 2.801340E+001) (1.013250E+005 2.801340E+001) (2.026500E+005 2.801340E+001) ))
(2.3200E+003 ( (1.013250E+004 2.801340E+001) (1.013250E+005 2.801340E+001) (2.026500E+005 2.801340E+001) ))
(2.3400E+003 ( (1.013250E+004 2.801340E+001) (1.013250E+005 2.801340E+001) (2.026500E+005 2.801340E+001) ))
(2.3600E+003 ( (1.013250E+004 2.801340E+001) (1.013250E+005 2.801340E+001) (2.026500E+005 2.801340E+001) ))
(2.3800E+003 ( (1.013250E+004 2.801340E+001) (1.013250E+005 2.801340E+001) (2.026500E+005 2.801340E+001) ))
(2.4000E+003 ( (1.013250E+004 2.801340E+001) (1.013250E+005 2.801340E+001) (2.026500E+005 2.801340E+001) ))
(2.4200E+003 ( (1.013250E+004 2.801340E+001) (1.013250E+005 2.801340E+001) (2.026500E+005 2.801340E+001) ))
(2.4400E+003 ( (1.013250E+004 2.801340E+001) (1.013250E+005 2.801340E+001) (2.026500E+005 2.801340E+001) ))
(2.4600E+003 ( (1.013250E+004 2.801340E+001) (1.013250E+005 2.801340E+001) (2.026500E+005 2.801340E+001) ))
(2.4800E+003 ( (1.013250E+004 2.801340E+001) (1.013250E+005 2.801340E+001) (2.026500E+005 2.801340E+001) ))
(2.5000E+003 ( (1.013250E+004 2.801340E+001) (1.013250E+005 2.801340E+001) (2.026500E+005 2.801340E+001) ))
(2.5200E+003 ( (1.013250E+004 2.801340E+001) (1.013250E+005 2.801340E+001) (2.026500E+005 2.801340E+001) ))
(2.5400E+003 ( (1.013250E+004 2.801340E+001) (1.013250E+005 2.801340E+001) (2.026500E+005 2.801340E+001) ))
(2.5600E+003 ( (1.013250E+004 2.801340E+001) (1.013250E+005 2.801340E+001) (2.026500E+005 2.801340E+001) ))
(2.5800E+003 ( (1.013250E+004 2.801340E+001) (1.013250E+005 2.801340E+001) (2.026500E+005 2.801340E+001) ))
(2.6000E+003 ( (1.013250E+004 2.801340E+001) (1.013250E+005 2.801340E+001) (2.026500E+005 2.801340E+001) ))
(2.6200E+003 ( (1.013250E+004 2.801340E+001) (1.013250E+005 2.801340E+001) (2.026500E+005 2.801340E+001) ))
(2.6400E+003 ( (1.013250E+004 2.801340E+001) (1.013250E+005 2.801340E+001) (2.026500E+005 2.801340E+001) ))
(2.6600E+003 ( (1.013250E+004 2.801330E+001) (1.013250E+005 2.801340E+001) (2.026500E+005 2.801340E+001) ))
(2.6800E+003 ( (1.013250E+004 2.801330E+001) (1.013250E+005 2.801340E+001) (2.026500E+005 2.801340E+001) ))
(2.7000E+003 ( (1.013250E+004 2.801330E+001) (1.013250E+005 2.801340E+001) (2.026500E+005 2.801340E+001) ))
(2.7200E+003 ( (1.013250E+004 2.801330E+001) (1.013250E+005 2.801340E+001) (2.026500E+005 2.801340E+001) ))
(2.7400E+003 ( (1.013250E+004 2.801330E+001) (1.013250E+005 2.801340E+001) (2.026500E+005 2.801340E+001) ))
(2.7600E+003 ( (1.013250E+004 2.801330E+001) (1.013250E+005 2.801340E+001) (2.026500E+005 2.801340E+001) ))
(2.7800E+003 ( (1.013250E+004 2.801330E+001) (1.013250E+005 2.801340E+001) (2.026500E+005 2.801340E+001) ))
(2.8000E+003 ( (1.013250E+004 2.801320E+001) (1.013250E+005 2.801340E+001) (2.026500E+005 2.801340E+001) ))
(2.8200E+003 ( (1.013250E+004 2.801320E+001) (1.013250E+005 2.801330E+001) (2.026500E+005 2.801340E+001) ))
(2.8400E+003 ( (1.013250E+004 2.801320E+001) (1.013250E+005 2.801330E+001) (2.026500E+005 2.801340E+001) ))
(2.8600E+003 ( (1.013250E+004 2.801320E+001) (1.013250E+005 2.801330E+001) (2.026500E+005 2.801330E+001) ))
(2.8800E+003 ( (1.013250E+004 2.801310E+001) (1.013250E+005 2.801330E+001) (2.026500E+005 2.801330E+001) ))
(2.9000E+003 ( (1.013250E+004 2.801310E+001) (1.013250E+005 2.801330E+001) (2.026500E+005 2.801330E+001) ))
(2.9200E+003 ( (1.013250E+004 2.801300E+001) (1.013250E+005 2.801330E+001) (2.026500E+005 2.801330E+001) ))
(2.9400E+003 ( (1.013250E+004 2.801300E+001) (1.013250E+005 2.801330E+001) (2.026500E+005 2.801330E+001) ))
(2.9600E+003 ( (1.013250E+004 2.801290E+001) (1.013250E+005 2.801330E+001) (2.026500E+005 2.801330E+001) ))
(2.9800E+003 ( (1.013250E+004 2.801290E+001) (1.013250E+005 2.801320E+001) (2.026500E+005 2.801330E+001) ))
(3.0000E+003 ( (1.013250E+004 2.801280E+001) (1.013250E+005 2.801320E+001) (2.026500E+005 2.801330E+001) ))
(3.0200E+003 ( (1.013250E+004 2.801270E+001) (1.013250E+005 2.801320E+001) (2.026500E+005 2.801320E+001) ))
(3.0400E+003 ( (1.013250E+004 2.801260E+001) (1.013250E+005 2.801320E+001) (2.026500E+005 2.801320E+001) ))
(3.0600E+003 ( (1.013250E+004 2.801250E+001) (1.013250E+005 2.801310E+001) (2.026500E+005 2.801320E+001) ))
(3.0800E+003 ( (1.013250E+004 2.801240E+001) (1.013250E+005 2.801310E+001) (2.026500E+005 2.801320E+001) ))
(3.1000E+003 ( (1.013250E+004 2.801230E+001) (1.013250E+005 2.801300E+001) (2.026500E+005 2.801310E+001) ))
(3.1200E+003 ( (1.013250E+004 2.801210E+001) (1.013250E+005 2.801300E+001) (2.026500E+005 2.801310E+001) ))
(3.1400E+003 ( (1.013250E+004 2.801190E+001) (1.013250E+005 2.801290E+001) (2.026500E+005 2.801310E+001) ))
(3.1600E+003 ( (1.013250E+004 2.801180E+001) (1.013250E+005 2.801290E+001) (2.026500E+005 2.801300E+001) ))
(3.1800E+003 ( (1.013250E+004 2.801160E+001) (1.013250E+005 2.801280E+001) (2.026500E+005 2.801300E+001) ))
(3.2000E+003 ( (1.013250E+004 2.801130E+001) (1.013250E+005 2.801280E+001) (2.026500E+005 2.801290E+001) ))
(3.2200E+003 ( (1.013250E+004 2.801110E+001) (1.013250E+005 2.801270E+001) (2.026500E+005 2.801290E+001) ))
(3.2400E+003 ( (1.013250E+004 2.801080E+001) (1.013250E+005 2.801260E+001) (2.026500E+005 2.801280E+001) ))
(3.2600E+003 ( (1.013250E+004 2.801050E+001) (1.013250E+005 2.801250E+001) (2.026500E+005 2.801280E+001) ))
(3.2800E+003 ( (1.013250E+004 2.801020E+001) (1.013250E+005 2.801240E+001) (2.026500E+005 2.801270E+001) ))
(3.3000E+003 ( (1.013250E+004 2.800980E+001) (1.013250E+005 2.801230E+001) (2.026500E+005 2.801260E+001) ))
(3.3200E+003 ( (1.013250E+004 2.800940E+001) (1.013250E+005 2.801210E+001) (2.026500E+005 2.801250E+001) ))
(3.3400E+003 ( (1.013250E+004 2.800900E+001) (1.013250E+005 2.801200E+001) (2.026500E+005 2.801240E+001) ))
(3.3600E+003 ( (1.013250E+004 2.800850E+001) (1.013250E+005 2.801190E+001) (2.026500E+005 2.801230E+001) ))
(3.3800E+003 ( (1.013250E+004 2.800800E+001) (1.013250E+005 2.801170E+001) (2.026500E+005 2.801220E+001) ))
(3.4000E+003 ( (1.013250E+004 2.800740E+001) (1.013250E+005 2.801150E+001) (2.026500E+005 2.801210E+001) ))
(3.4200E+003 ( (1.013250E+004 2.800680E+001) (1.013250E+005 2.801130E+001) (2.026500E+005 2.801190E+001) ))
(3.4400E+003 ( (1.013250E+004 2.800610E+001) (1.013250E+005 2.801110E+001) (2.026500E+005 2.801180E+001) ))
(3.4600E+003 ( (1.013250E+004 2.800540E+001) (1.013250E+005 2.801090E+001) (2.026500E+005 2.801160E+001) ))
(3.4800E+003 ( (1.013250E+004 2.800450E+001) (1.013250E+005 2.801060E+001) (2.026500E+005 2.801140E+001) ))
(3.5000E+003 ( (1.013250E+004 2.800370E+001) (1.013250E+005 2.801030E+001) (2.026500E+005 2.801120E+001) ))
(3.5200E+003 ( (1.013250E+004 2.800270E+001) (1.013250E+005 2.801000E+001) (2.026500E+005 2.801100E+001) ))
(3.5400E+003 ( (1.013250E+004 2.800170E+001) (1.013250E+005 2.800970E+001) (2.026500E+005 2.801080E+001) ))
(3.5600E+003 ( (1.013250E+004 2.800050E+001) (1.013250E+005 2.800930E+001) (2.026500E+005 2.801050E+001) ))
(3.5800E+003 ( (1.013250E+004 2.799930E+001) (1.013250E+005 2.800890E+001) (2.026500E+005 2.801020E+001) ))
(3.6000E+003 ( (1.013250E+004 2.799790E+001) (1.013250E+005 2.800850E+001) (2.026500E+005 2.800990E+001) ))
(3.6200E+003 ( (1.013250E+004 2.799650E+001) (1.013250E+005 2.800810E+001) (2.026500E+005 2.800960E+001) ))
(3.6400E+003 ( (1.013250E+004 2.799490E+001) (1.013250E+005 2.800760E+001) (2.026500E+005 2.800930E+001) ))
(3.6600E+003 ( (1.013250E+004 2.799330E+001) (1.013250E+005 2.800700E+001) (2.026500E+005 2.800890E+001) ))
(3.6800E+003 ( (1.013250E+004 2.799140E+001) (1.013250E+005 2.800650E+001) (2.026500E+005 2.800850E+001) ))
(3.7000E+003 ( (1.013250E+004 2.798950E+001) (1.013250E+005 2.800580E+001) (2.026500E+005 2.800800E+001) ))
(3.7200E+003 ( (1.013250E+004 2.798740E+001) (1.013250E+005 2.800520E+001) (2.026500E+005 2.800760E+001) ))
(3.7400E+003 ( (1.013250E+004 2.798510E+001) (1.013250E+005 2.800440E+001) (2.026500E+005 2.800710E+001) ))
(3.7600E+003 ( (1.013250E+004 2.798270E+001) (1.013250E+005 2.800370E+001) (2.026500E+005 2.800650E+001) ))
(3.7800E+003 ( (1.013250E+004 2.798000E+001) (1.013250E+005 2.800280E+001) (2.026500E+005 2.800590E+001) ))
(3.8000E+003 ( (1.013250E+004 2.797720E+001) (1.013250E+005 2.800190E+001) (2.026500E+005 2.800530E+001) ))
(3.8200E+003 ( (1.013250E+004 2.797420E+001) (1.013250E+005 2.800100E+001) (2.026500E+005 2.800460E+001) ))
(3.8400E+003 ( (1.013250E+004 2.797100E+001) (1.013250E+005 2.800000E+001) (2.026500E+005 2.800390E+001) ))
(3.8600E+003 ( (1.013250E+004 2.796750E+001) (1.013250E+005 2.799890E+001) (2.026500E+005 2.800310E+001) ))
(3.8800E+003 ( (1.013250E+004 2.796380E+001) (1.013250E+005 2.799770E+001) (2.026500E+005 2.800230E+001) ))
(3.9000E+003 ( (1.013250E+004 2.795980E+001) (1.013250E+005 2.799640E+001) (2.026500E+005 2.800140E+001) ))
(3.9200E+003 ( (1.013250E+004 2.795560E+001) (1.013250E+005 2.799510E+001) (2.026500E+005 2.800040E+001) ))
(3.9400E+003 ( (1.013250E+004 2.795100E+001) (1.013250E+005 2.799370E+001) (2.026500E+005 2.799940E+001) ))
(3.9600E+003 ( (1.013250E+004 2.794620E+001) (1.013250E+005 2.799210E+001) (2.026500E+005 2.799830E+001) ))
(3.9800E+003 ( (1.013250E+004 2.794110E+001) (1.013250E+005 2.799050E+001) (2.026500E+005 2.799720E+001) ))
(4.0000E+003 ( (1.013250E+004 2.793560E+001) (1.013250E+005 2.798870E+001) (2.026500E+005 2.799600E+001) ))
(4.0200E+003 ( (1.013250E+004 2.792970E+001) (1.013250E+005 2.798690E+001) (2.026500E+005 2.799470E+001) ))
(4.0400E+003 ( (1.013250E+004 2.792350E+001) (1.013250E+005 2.798490E+001) (2.026500E+005 2.799330E+001) ))
(4.0600E+003 ( (1.013250E+004 2.791690E+001) (1.013250E+005 2.798280E+001) (2.026500E+005 2.799180E+001) ))
(4.0800E+003 ( (1.013250E+004 2.790990E+001) (1.013250E+005 2.798060E+001) (2.026500E+005 2.799020E+001) ))
(4.1000E+003 ( (1.013250E+004 2.790240E+001) (1.013250E+005 2.797820E+001) (2.026500E+005 2.798850E+001) ))
(4.1200E+003 ( (1.013250E+004 2.789450E+001) (1.013250E+005 2.797570E+001) (2.026500E+005 2.798670E+001) ))
(4.1400E+003 ( (1.013250E+004 2.788620E+001) (1.013250E+005 2.797300E+001) (2.026500E+005 2.798480E+001) ))
(4.1600E+003 ( (1.013250E+004 2.787730E+001) (1.013250E+005 2.797020E+001) (2.026500E+005 2.798280E+001) ))
(4.1800E+003 ( (1.013250E+004 2.786790E+001) (1.013250E+005 2.796720E+001) (2.026500E+005 2.798070E+001) ))
(4.2000E+003 ( (1.013250E+004 2.785790E+001) (1.013250E+005 2.796400E+001) (2.026500E+005 2.797850E+001) ))
(4.2200E+003 ( (1.013250E+004 2.784740E+001) (1.013250E+005 2.796070E+001) (2.026500E+005 2.797610E+001) ))
(4.2400E+003 ( (1.013250E+004 2.783620E+001) (1.013250E+005 2.795710E+001) (2.026500E+005 2.797360E+001) ))
(4.2600E+003 ( (1.013250E+004 2.782450E+001) (1.013250E+005 2.795340E+001) (2.026500E+005 2.797090E+001) ))
(4.2800E+003 ( (1.013250E+004 2.781200E+001) (1.013250E+005 2.794940E+001) (2.026500E+005 2.796810E+001) ))
(4.3000E+003 ( (1.013250E+004 2.779890E+001) (1.013250E+005 2.794520E+001) (2.026500E+005 2.796520E+001) ))
(4.3200E+003 ( (1.013250E+004 2.778510E+001) (1.013250E+005 2.794080E+001) (2.026500E+005 2.796200E+001) ))
(4.3400E+003 ( (1.013250E+004 2.777050E+001) (1.013250E+005 2.793610E+001) (2.026500E+005 2.795870E+001) ))
(4.3600E+003 ( (1.013250E+004 2.775520E+001) (1.013250E+005 2.793120E+001) (2.026500E+005 2.795520E+001) ))
(4.3800E+003 ( (1.013250E+004 2.773900E+001) (1.013250E+005 2.792610E+001) (2.026500E+005 2.795160E+001) ))
(4.4000E+003 ( (1.013250E+004 2.772200E+001) (1.013250E+005 2.792060E+001) (2.026500E+005 2.794770E+001) ))
(4.4200E+003 ( (1.013250E+004 2.770420E+001) (1.013250E+005 2.791490E+001) (2.026500E+005 2.794370E+001) ))
(4.4400E+003 ( (1.013250E+004 2.768540E+001) (1.013250E+005 2.790880E+001) (2.026500E+005 2.793940E+001) ))
(4.4600E+003 ( (1.013250E+004 2.766570E+001) (1.013250E+005 2.790250E+001) (2.026500E+005 2.793490E+001) ))
(4.4800E+003 ( (1.013250E+004 2.764500E+001) (1.013250E+005 2.789580E+001) (2.026500E+005 2.793020E+001) ))
(4.5000E+003 ( (1.013250E+004 2.762320E+001) (1.013250E+005 2.788880E+001) (2.026500E+005 2.792520E+001) ))
(4.5200E+003 ( (1.013250E+004 2.760050E+001) (1.013250E+005 2.788150E+001) (2.026500E+005 2.792000E+001) ))
(4.5400E+003 ( (1.013250E+004 2.757660E+001) (1.013250E+005 2.787380E+001) (2.026500E+005 2.791450E+001) ))
(4.5600E+003 ( (1.013250E+004 2.755160E+001) (1.013250E+005 2.786570E+001) (2.026500E+005 2.790880E+001) ))
(4.5800E+003 ( (1.013250E+004 2.752540E+001) (1.013250E+005 2.785720E+001) (2.026500E+005 2.790280E+001) ))
(4.6000E+003 ( (1.013250E+004 2.749800E+001) (1.013250E+005 2.784830E+001) (2.026500E+005 2.789650E+001) ))
(4.6200E+003 ( (1.013250E+004 2.746940E+001) (1.013250E+005 2.783900E+001) (2.026500E+005 2.788990E+001) ))
(4.6400E+003 ( (1.013250E+004 2.743940E+001) (1.013250E+005 2.782930E+001) (2.026500E+005 2.788300E+001) ))
(4.6600E+003 ( (1.013250E+004 2.740810E+001) (1.013250E+005 2.781910E+001) (2.026500E+005 2.787570E+001) ))
(4.6800E+003 ( (1.013250E+004 2.737550E+001) (1.013250E+005 2.780840E+001) (2.026500E+005 2.786820E+001) ))
(4.7000E+003 ( (1.013250E+004 2.734140E+001) (1.013250E+005 2.779730E+001) (2.026500E+005 2.786020E+001) ))
(4.7200E+003 ( (1.013250E+004 2.730590E+001) (1.013250E+005 2.778570E+001) (2.026500E+005 2.785200E+001) ))
(4.7400E+003 ( (1.013250E+004 2.726880E+001) (1.013250E+005 2.777350E+001) (2.026500E+005 2.784330E+001) ))
(4.7600E+003 ( (1.013250E+004 2.723020E+001) (1.013250E+005 2.776080E+001) (2.026500E+005 2.783430E+001) ))
(4.7800E+003 ( (1.013250E+004 2.719000E+001) (1.013250E+005 2.774760E+001) (2.026500E+005 2.782490E+001) ))
(4.8000E+003 ( (1.013250E+004 2.714810E+001) (1.013250E+005 2.773380E+001) (2.026500E+005 2.781510E+001) ))
(4.8200E+003 ( (1.013250E+004 2.710460E+001) (1.013250E+005 2.771930E+001) (2.026500E+005 2.780480E+001) ))
(4.8400E+003 ( (1.013250E+004 2.705930E+001) (1.013250E+005 2.770430E+001) (2.026500E+005 2.779410E+001) ))
(4.8600E+003 ( (1.013250E+004 2.701230E+001) (1.013250E+005 2.768870E+001) (2.026500E+005 2.778300E+001) ))
(4.8800E+003 ( (1.013250E+004 2.696350E+001) (1.013250E+005 2.767240E+001) (2.026500E+005 2.777140E+001) ))
(4.9000E+003 ( (1.013250E+004 2.691270E+001) (1.013250E+005 2.765550E+001) (2.026500E+005 2.775930E+001) ))
(4.9200E+003 ( (1.013250E+004 2.686010E+001) (1.013250E+005 2.763780E+001) (2.026500E+005 2.774680E+001) ))
(4.9400E+003 ( (1.013250E+004 2.680560E+001) (1.013250E+005 2.761950E+001) (2.026500E+005 2.773370E+001) ))
(4.9600E+003 ( (1.013250E+004 2.674900E+001) (1.013250E+005 2.760040E+001) (2.026500E+005 2.772010E+001) ))
(4.9800E+003 ( (1.013250E+004 2.669040E+001) (1.013250E+005 2.758060E+001) (2.026500E+005 2.770600E+001) ))
(5.0000E+003 ( (1.013250E+004 2.662970E+001) (1.013250E+005 2.756000E+001) (2.026500E+005 2.769130E+001) ))
)