(
(3.0000E+002 ( (1.013250E+004 2.689710E-002) (1.013250E+005 2.689710E-002) (2.026500E+005 2.689710E-002) ))
(3.2000E+002 ( (1.013250E+004 2.814830E-002) (1.013250E+005 2.814830E-002) (2.026500E+005 2.814830E-002) ))
(3.4000E+002 ( (1.013250E+004 2.946400E-002) (1.013250E+005 2.946400E-002) (2.026500E+005 2.946400E-002) ))
(3.6000E+002 ( (1.013250E+004 3.087230E-002) (1.013250E+005 3.087230E-002) (2.026500E+005 3.087230E-002) ))
(3.8000E+002 ( (1.013250E+004 3.231730E-002) (1.013250E+005 3.231730E-002) (2.026500E+005 3.231730E-002) ))
(4.0000E+002 ( (1.013250E+004 3.359360E-002) (1.013250E+005 3.359360E-002) (2.026500E+005 3.359360E-002) ))
(4.2000E+002 ( (1.013250E+004 3.481270E-002) (1.013250E+005 3.481270E-002) (2.026500E+005 3.481270E-002) ))
(4.4000E+002 ( (1.013250E+004 3.603300E-002) (1.013250E+005 3.603300E-002) (2.026500E+005 3.603300E-002) ))
(4.6000E+002 ( (1.013250E+004 3.734580E-002) (1.013250E+005 3.734580E-002) (2.026500E+005 3.734580E-002) ))
(4.8000E+002 ( (1.013250E+004 3.868660E-002) (1.013250E+005 3.868660E-002) (2.026500E+005 3.868660E-002) ))
(5.0000E+002 ( (1.013250E+004 4.009480E-002) (1.013250E+005 4.009480E-002) (2.026500E+005 4.009480E-002) ))
(5.2000E+002 ( (1.013250E+004 4.135310E-002) (1.013250E+005 4.135310E-002) (2.026500E+005 4.135310E-002) ))
(5.4000E+002 ( (1.013250E+004 4.257420E-002) (1.013250E+005 4.257420E-002) (2.026500E+005 4.257420E-002) ))
(5.6000E+002 ( (1.013250E+004 4.377060E-002) (1.013250E+005 4.377060E-002) (2.026500E+005 4.377060E-002) ))
(5.8000E+002 ( (1.013250E+004 4.497330E-002) (1.013250E+005 4.497330E-002) (2.026500E+005 4.497330E-002) ))
(6.0000E+002 ( (1.013250E+004 4.621800E-002) (1.013250E+005 4.621800E-002) (2.026500E+005 4.621800E-002) ))
(6.2000E+002 ( (1.013250E+004 4.749870E-002) (1.013250E+005 4.749870E-002) (2.026500E+005 4.749870E-002) ))
(6.4000E+002 ( (1.013250E+004 4.877180E-002) (1.013250E+005 4.877180E-002) (2.026500E+005 4.877180E-002) ))
(6.6000E+002 ( (1.013250E+004 5.013510E-002) (1.013250E+005 5.013510E-002) (2.026500E+005 5.013510E-002) ))
(6.8000E+002 ( (1.013250E+004 5.134600E-002) (1.013250E+005 5.134600E-002) (2.026500E+005 5.134600E-002) ))
(7.0000E+002 ( (1.013250E+004 5.253120E-002) (1.013250E+005 5.253120E-002) (2.026500E+005 5.253120E-002) ))
(7.2000E+002 ( (1.013250E+004 5.369540E-002) (1.013250E+005 5.369540E-002) (2.026500E+005 5.369540E-002) ))
(7.4000E+002 ( (1.013250E+004 5.484240E-002) (1.013250E+005 5.484240E-002) (2.026500E+005 5.484240E-002) ))
(7.6000E+002 ( (1.013250E+004 5.600310E-002) (1.013250E+005 5.600310E-002) (2.026500E+005 5.600310E-002) ))
(7.8000E+002 ( (1.013250E+004 5.714970E-002) (1.013250E+005 5.714970E-002) (2.026500E+005 5.714970E-002) ))
(8.0000E+002 ( (1.013250E+004 5.834450E-002) (1.013250E+005 5.834450E-002) (2.026500E+005 5.834450E-002) ))
(8.2000E+002 ( (1.013250E+004 5.955520E-002) (1.013250E+005 5.955520E-002) (2.026500E+005 5.955520E-002) ))
(8.4000E+002 ( (1.013250E+004 6.077860E-002) (1.013250E+005 6.077860E-002) (2.026500E+005 6.077860E-002) ))
(8.6000E+002 ( (1.013250E+004 6.200530E-002) (1.013250E+005 6.200530E-002) (2.026500E+005 6.200530E-002) ))
(8.8000E+002 ( (1.013250E+004 6.335550E-002) (1.013250E+005 6.335550E-002) (2.026500E+005 6.335550E-002) ))
(9.0000E+002 ( (1.013250E+004 6.453470E-002) (1.013250E+005 6.453470E-002) (2.026500E+005 6.453470E-002) ))
(9.2000E+002 ( (1.013250E+004 6.570140E-002) (1.013250E+005 6.570140E-002) (2.026500E+005 6.570140E-002) ))
(9.4000E+002 ( (1.013250E+004 6.685420E-002) (1.013250E+005 6.685420E-002) (2.026500E+005 6.685420E-002) ))
(9.6000E+002 ( (1.013250E+004 6.799300E-002) (1.013250E+005 6.799300E-002) (2.026500E+005 6.799300E-002) ))
(9.8000E+002 ( (1.013250E+004 6.911750E-002) (1.013250E+005 6.911750E-002) (2.026500E+005 6.911750E-002) ))
(1.0000E+003 ( (1.013250E+004 7.025160E-002) (1.013250E+005 7.025160E-002) (2.026500E+005 7.025160E-002) ))
(1.0200E+003 ( (1.013250E+004 7.138450E-002) (1.013250E+005 7.138450E-002) (2.026500E+005 7.138450E-002) ))
(1.0400E+003 ( (1.013250E+004 7.250350E-002) (1.013250E+005 7.250350E-002) (2.026500E+005 7.250350E-002) ))
(1.0600E+003 ( (1.013250E+004 7.364290E-002) (1.013250E+005 7.364290E-002) (2.026500E+005 7.364290E-002) ))
(1.0800E+003 ( (1.013250E+004 7.481320E-002) (1.013250E+005 7.481320E-002) (2.026500E+005 7.481320E-002) ))
(1.1000E+003 ( (1.013250E+004 7.597190E-002) (1.013250E+005 7.597190E-002) (2.026500E+005 7.597190E-002) ))
(1.1200E+003 ( (1.013250E+004 7.713740E-002) (1.013250E+005 7.713740E-002) (2.026500E+005 7.713740E-002) ))
(1.1400E+003 ( (1.013250E+004 7.829840E-002) (1.013250E+005 7.829840E-002) (2.026500E+005 7.829840E-002) ))
(1.1600E+003 ( (1.013250E+004 7.962840E-002) (1.013250E+005 7.962840E-002) (2.026500E+005 7.962840E-002) ))
(1.1800E+003 ( (1.013250E+004 8.074340E-002) (1.013250E+005 8.074340E-002) (2.026500E+005 8.074340E-002) ))
(1.2000E+003 ( (1.013250E+004 8.184420E-002) (1.013250E+005 8.184420E-002) (2.026500E+005 8.184420E-002) ))
(1.2200E+003 ( (1.013250E+004 8.293010E-002) (1.013250E+005 8.293010E-002) (2.026500E+005 8.293010E-002) ))
(1.2400E+003 ( (1.013250E+004 8.400120E-002) (1.013250E+005 8.400120E-002) (2.026500E+005 8.400120E-002) ))
(1.2600E+003 ( (1.013250E+004 8.505770E-002) (1.013250E+005 8.505770E-002) (2.026500E+005 8.505770E-002) ))
(1.2800E+003 ( (1.013250E+004 8.610000E-002) (1.013250E+005 8.610000E-002) (2.026500E+005 8.610000E-002) ))
(1.3000E+003 ( (1.013250E+004 8.712830E-002) (1.013250E+005 8.712830E-002) (2.026500E+005 8.712830E-002) ))
(1.3200E+003 ( (1.013250E+004 8.815480E-002) (1.013250E+005 8.815480E-002) (2.026500E+005 8.815480E-002) ))
(1.3400E+003 ( (1.013250E+004 8.918500E-002) (1.013250E+005 8.918500E-002) (2.026500E+005 8.918500E-002) ))
(1.3600E+003 ( (1.013250E+004 9.020680E-002) (1.013250E+005 9.020680E-002) (2.026500E+005 9.020680E-002) ))
(1.3800E+003 ( (1.013250E+004 9.128040E-002) (1.013250E+005 9.128040E-002) (2.026500E+005 9.128040E-002) ))
(1.4000E+003 ( (1.013250E+004 9.231600E-002) (1.013250E+005 9.231600E-002) (2.026500E+005 9.231600E-002) ))
(1.4200E+003 ( (1.013250E+004 9.334540E-002) (1.013250E+005 9.334540E-002) (2.026500E+005 9.334540E-002) ))
(1.4400E+003 ( (1.013250E+004 9.436850E-002) (1.013250E+005 9.436850E-002) (2.026500E+005 9.436850E-002) ))
(1.4600E+003 ( (1.013250E+004 9.538560E-002) (1.013250E+005 9.538560E-002) (2.026500E+005 9.538560E-002) ))
(1.4800E+003 ( (1.013250E+004 9.639680E-002) (1.013250E+005 9.639680E-002) (2.026500E+005 9.639680E-002) ))
(1.5000E+003 ( (1.013250E+004 9.740240E-002) (1.013250E+005 9.740240E-002) (2.026500E+005 9.740240E-002) ))
(1.5200E+003 ( (1.013250E+004 9.840240E-002) (1.013250E+005 9.840240E-002) (2.026500E+005 9.840240E-002) ))
(1.5400E+003 ( (1.013250E+004 9.939710E-002) (1.013250E+005 9.939710E-002) (2.026500E+005 9.939710E-002) ))
(1.5600E+003 ( (1.013250E+004 1.003860E-001) (1.013250E+005 1.003860E-001) (2.026500E+005 1.003860E-001) ))
(1.5800E+003 ( (1.013250E+004 1.013710E-001) (1.013250E+005 1.013710E-001) (2.026500E+005 1.013710E-001) ))
(1.6000E+003 ( (1.013250E+004 1.023500E-001) (1.013250E+005 1.023500E-001) (2.026500E+005 1.023500E-001) ))
(1.6200E+003 ( (1.013250E+004 1.033240E-001) (1.013250E+005 1.033240E-001) (2.026500E+005 1.033240E-001) ))
(1.6400E+003 ( (1.013250E+004 1.042940E-001) (1.013250E+005 1.042940E-001) (2.026500E+005 1.042940E-001) ))
(1.6600E+003 ( (1.013250E+004 1.052580E-001) (1.013250E+005 1.052580E-001) (2.026500E+005 1.052580E-001) ))
(1.6800E+003 ( (1.013250E+004 1.062190E-001) (1.013250E+005 1.062190E-001) (2.026500E+005 1.062190E-001) ))
(1.7000E+003 ( (1.013250E+004 1.071740E-001) (1.013250E+005 1.071740E-001) (2.026500E+005 1.071740E-001) ))
(1.7200E+003 ( (1.013250E+004 1.081250E-001) (1.013250E+005 1.081250E-001) (2.026500E+005 1.081250E-001) ))
(1.7400E+003 ( (1.013250E+004 1.090720E-001) (1.013250E+005 1.090720E-001) (2.026500E+005 1.090720E-001) ))
(1.7600E+003 ( (1.013250E+004 1.100150E-001) (1.013250E+005 1.100150E-001) (2.026500E+005 1.100150E-001) ))
(1.7800E+003 ( (1.013250E+004 1.109530E-001) (1.013250E+005 1.109530E-001) (2.026500E+005 1.109530E-001) ))
(1.8000E+003 ( (1.013250E+004 1.118880E-001) (1.013250E+005 1.118880E-001) (2.026500E+005 1.118880E-001) ))
(1.8200E+003 ( (1.013250E+004 1.128180E-001) (1.013250E+005 1.128180E-001) (2.026500E+005 1.128180E-001) ))
(1.8400E+003 ( (1.013250E+004 1.137440E-001) (1.013250E+005 1.137440E-001) (2.026500E+005 1.137440E-001) ))
(1.8600E+003 ( (1.013250E+004 1.146670E-001) (1.013250E+005 1.146670E-001) (2.026500E+005 1.146670E-001) ))
(1.8800E+003 ( (1.013250E+004 1.155850E-001) (1.013250E+005 1.155850E-001) (2.026500E+005 1.155850E-001) ))
(1.9000E+003 ( (1.013250E+004 1.165000E-001) (1.013250E+005 1.165000E-001) (2.026500E+005 1.165000E-001) ))
(1.9200E+003 ( (1.013250E+004 1.174110E-001) (1.013250E+005 1.174110E-001) (2.026500E+005 1.174110E-001) ))
(1.9400E+003 ( (1.013250E+004 1.183190E-001) (1.013250E+005 1.183190E-001) (2.026500E+005 1.183190E-001) ))
(1.9600E+003 ( (1.013250E+004 1.192230E-001) (1.013250E+005 1.192230E-001) (2.026500E+005 1.192230E-001) ))
(1.9800E+003 ( (1.013250E+004 1.201230E-001) (1.013250E+005 1.201230E-001) (2.026500E+005 1.201230E-001) ))
(2.0000E+003 ( (1.013250E+004 1.210200E-001) (1.013250E+005 1.210200E-001) (2.026500E+005 1.210200E-001) ))
(2.0200E+003 ( (1.013250E+004 1.219140E-001) (1.013250E+005 1.219140E-001) (2.026500E+005 1.219140E-001) ))
(2.0400E+003 ( (1.013250E+004 1.228040E-001) (1.013250E+005 1.228040E-001) (2.026500E+005 1.228040E-001) ))
(2.0600E+003 ( (1.013250E+004 1.236910E-001) (1.013250E+005 1.236910E-001) (2.026500E+005 1.236910E-001) ))
(2.0800E+003 ( (1.013250E+004 1.245740E-001) (1.013250E+005 1.245740E-001) (2.026500E+005 1.245740E-001) ))
(2.1000E+003 ( (1.013250E+004 1.254550E-001) (1.013250E+005 1.254550E-001) (2.026500E+005 1.254540E-001) ))
(2.1200E+003 ( (1.013250E+004 1.263320E-001) (1.013250E+005 1.263320E-001) (2.026500E+005 1.263320E-001) ))
(2.1400E+003 ( (1.013250E+004 1.272060E-001) (1.013250E+005 1.272060E-001) (2.026500E+005 1.272060E-001) ))
(2.1600E+003 ( (1.013250E+004 1.280770E-001) (1.013250E+005 1.280770E-001) (2.026500E+005 1.280760E-001) ))
(2.1800E+003 ( (1.013250E+004 1.289450E-001) (1.013250E+005 1.289440E-001) (2.026500E+005 1.289440E-001) ))
(2.2000E+003 ( (1.013250E+004 1.298100E-001) (1.013250E+005 1.298090E-001) (2.026500E+005 1.298090E-001) ))
(2.2200E+003 ( (1.013250E+004 1.306720E-001) (1.013250E+005 1.306710E-001) (2.026500E+005 1.306710E-001) ))
(2.2400E+003 ( (1.013250E+004 1.315310E-001) (1.013250E+005 1.315300E-001) (2.026500E+005 1.315300E-001) ))
(2.2600E+003 ( (1.013250E+004 1.323870E-001) (1.013250E+005 1.323860E-001) (2.026500E+005 1.323860E-001) ))
(2.2800E+003 ( (1.013250E+004 1.332410E-001) (1.013250E+005 1.332390E-001) (2.026500E+005 1.332390E-001) ))
(2.3000E+003 ( (1.013250E+004 1.340920E-001) (1.013250E+005 1.340900E-001) (2.026500E+005 1.340890E-001) ))
(2.3200E+003 ( (1.013250E+004 1.349400E-001) (1.013250E+005 1.349370E-001) (2.026500E+005 1.349370E-001) ))
(2.3400E+003 ( (1.013250E+004 1.357850E-001) (1.013250E+005 1.357820E-001) (2.026500E+005 1.357820E-001) ))
(2.3600E+003 ( (1.013250E+004 1.366280E-001) (1.013250E+005 1.366240E-001) (2.026500E+005 1.366240E-001) ))
(2.3800E+003 ( (1.013250E+004 1.374680E-001) (1.013250E+005 1.374640E-001) (2.026500E+005 1.374630E-001) ))
(2.4000E+003 ( (1.013250E+004 1.383060E-001) (1.013250E+005 1.383000E-001) (2.026500E+005 1.383000E-001) ))
(2.4200E+003 ( (1.013250E+004 1.391410E-001) (1.013250E+005 1.391350E-001) (2.026500E+005 1.391340E-001) ))
(2.4400E+003 ( (1.013250E+004 1.399750E-001) (1.013250E+005 1.399670E-001) (2.026500E+005 1.399650E-001) ))
(2.4600E+003 ( (1.013250E+004 1.408050E-001) (1.013250E+005 1.407960E-001) (2.026500E+005 1.407950E-001) ))
(2.4800E+003 ( (1.013250E+004 1.416340E-001) (1.013250E+005 1.416230E-001) (2.026500E+005 1.416210E-001) ))
(2.5000E+003 ( (1.013250E+004 1.424610E-001) (1.013250E+005 1.424470E-001) (2.026500E+005 1.424450E-001) ))
(2.5200E+003 ( (1.013250E+004 1.432850E-001) (1.013250E+005 1.432690E-001) (2.026500E+005 1.432670E-001) ))
(2.5400E+003 ( (1.013250E+004 1.441080E-001) (1.013250E+005 1.440890E-001) (2.026500E+005 1.440870E-001) ))
(2.5600E+003 ( (1.013250E+004 1.449290E-001) (1.013250E+005 1.449070E-001) (2.026500E+005 1.449040E-001) ))
(2.5800E+003 ( (1.013250E+004 1.457490E-001) (1.013250E+005 1.457220E-001) (2.026500E+005 1.457190E-001) ))
(2.6000E+003 ( (1.013250E+004 1.465670E-001) (1.013250E+005 1.465360E-001) (2.026500E+005 1.465310E-001) ))
(2.6200E+003 ( (1.013250E+004 1.473840E-001) (1.013250E+005 1.473470E-001) (2.026500E+005 1.473420E-001) ))
(2.6400E+003 ( (1.013250E+004 1.481990E-001) (1.013250E+005 1.481560E-001) (2.026500E+005 1.481500E-001) ))
(2.6600E+003 ( (1.013250E+004 1.490140E-001) (1.013250E+005 1.489630E-001) (2.026500E+005 1.489570E-001) ))
(2.6800E+003 ( (1.013250E+004 1.498280E-001) (1.013250E+005 1.497690E-001) (2.026500E+005 1.497610E-001) ))
(2.7000E+003 ( (1.013250E+004 1.506410E-001) (1.013250E+005 1.505730E-001) (2.026500E+005 1.505640E-001) ))
(2.7200E+003 ( (1.013250E+004 1.514540E-001) (1.013250E+005 1.513750E-001) (2.026500E+005 1.513640E-001) ))
(2.7400E+003 ( (1.013250E+004 1.522670E-001) (1.013250E+005 1.521760E-001) (2.026500E+005 1.521630E-001) ))
(2.7600E+003 ( (1.013250E+004 1.530800E-001) (1.013250E+005 1.529750E-001) (2.026500E+005 1.529610E-001) ))
(2.7800E+003 ( (1.013250E+004 1.538940E-001) (1.013250E+005 1.537730E-001) (2.026500E+005 1.537560E-001) ))
(2.8000E+003 ( (1.013250E+004 1.547090E-001) (1.013250E+005 1.545690E-001) (2.026500E+005 1.545510E-001) ))
(2.8200E+003 ( (1.013250E+004 1.555250E-001) (1.013250E+005 1.553650E-001) (2.026500E+005 1.553430E-001) ))
(2.8400E+003 ( (1.013250E+004 1.563430E-001) (1.013250E+005 1.561600E-001) (2.026500E+005 1.561350E-001) ))
(2.8600E+003 ( (1.013250E+004 1.571630E-001) (1.013250E+005 1.569540E-001) (2.026500E+005 1.569250E-001) ))
(2.8800E+003 ( (1.013250E+004 1.579860E-001) (1.013250E+005 1.577470E-001) (2.026500E+005 1.577150E-001) ))
(2.9000E+003 ( (1.013250E+004 1.588120E-001) (1.013250E+005 1.585400E-001) (2.026500E+005 1.585030E-001) ))
(2.9200E+003 ( (1.013250E+004 1.596420E-001) (1.013250E+005 1.593330E-001) (2.026500E+005 1.592910E-001) ))
(2.9400E+003 ( (1.013250E+004 1.604770E-001) (1.013250E+005 1.601260E-001) (2.026500E+005 1.600780E-001) ))
(2.9600E+003 ( (1.013250E+004 1.613160E-001) (1.013250E+005 1.609190E-001) (2.026500E+005 1.608650E-001) ))
(2.9800E+003 ( (1.013250E+004 1.621610E-001) (1.013250E+005 1.617120E-001) (2.026500E+005 1.616510E-001) ))
(3.0000E+003 ( (1.013250E+004 1.630130E-001) (1.013250E+005 1.625060E-001) (2.026500E+005 1.624380E-001) ))
(3.0200E+003 ( (1.013250E+004 1.638730E-001) (1.013250E+005 1.633020E-001) (2.026500E+005 1.632240E-001) ))
(3.0400E+003 ( (1.013250E+004 1.647410E-001) (1.013250E+005 1.640980E-001) (2.026500E+005 1.640110E-001) ))
(3.0600E+003 ( (1.013250E+004 1.656180E-001) (1.013250E+005 1.648970E-001) (2.026500E+005 1.647990E-001) ))
(3.0800E+003 ( (1.013250E+004 1.665060E-001) (1.013250E+005 1.656970E-001) (2.026500E+005 1.655870E-001) ))
(3.1000E+003 ( (1.013250E+004 1.674050E-001) (1.013250E+005 1.665000E-001) (2.026500E+005 1.663770E-001) ))
(3.1200E+003 ( (1.013250E+004 1.683180E-001) (1.013250E+005 1.673050E-001) (2.026500E+005 1.671680E-001) ))
(3.1400E+003 ( (1.013250E+004 1.692440E-001) (1.013250E+005 1.681140E-001) (2.026500E+005 1.679600E-001) ))
(3.1600E+003 ( (1.013250E+004 1.701860E-001) (1.013250E+005 1.689260E-001) (2.026500E+005 1.687550E-001) ))
(3.1800E+003 ( (1.013250E+004 1.711450E-001) (1.013250E+005 1.697420E-001) (2.026500E+005 1.695520E-001) ))
(3.2000E+003 ( (1.013250E+004 1.721230E-001) (1.013250E+005 1.705630E-001) (2.026500E+005 1.703520E-001) ))
(3.2200E+003 ( (1.013250E+004 1.731210E-001) (1.013250E+005 1.713900E-001) (2.026500E+005 1.711550E-001) ))
(3.2400E+003 ( (1.013250E+004 1.741410E-001) (1.013250E+005 1.722220E-001) (2.026500E+005 1.719620E-001) ))
(3.2600E+003 ( (1.013250E+004 1.751850E-001) (1.013250E+005 1.730600E-001) (2.026500E+005 1.727730E-001) ))
(3.2800E+003 ( (1.013250E+004 1.762550E-001) (1.013250E+005 1.739060E-001) (2.026500E+005 1.735880E-001) ))
(3.3000E+003 ( (1.013250E+004 1.773540E-001) (1.013250E+005 1.747590E-001) (2.026500E+005 1.744080E-001) ))
(3.3200E+003 ( (1.013250E+004 1.784830E-001) (1.013250E+005 1.756210E-001) (2.026500E+005 1.752330E-001) ))
(3.3400E+003 ( (1.013250E+004 1.796450E-001) (1.013250E+005 1.764920E-001) (2.026500E+005 1.760650E-001) ))
(3.3600E+003 ( (1.013250E+004 1.808430E-001) (1.013250E+005 1.773730E-001) (2.026500E+005 1.769030E-001) ))
(3.3800E+003 ( (1.013250E+004 1.820790E-001) (1.013250E+005 1.782660E-001) (2.026500E+005 1.777490E-001) ))
(3.4000E+003 ( (1.013250E+004 1.833560E-001) (1.013250E+005 1.791700E-001) (2.026500E+005 1.786030E-001) ))
(3.4200E+003 ( (1.013250E+004 1.846770E-001) (1.013250E+005 1.800870E-001) (2.026500E+005 1.794650E-001) ))
(3.4400E+003 ( (1.013250E+004 1.860460E-001) (1.013250E+005 1.810180E-001) (2.026500E+005 1.803360E-001) ))
(3.4600E+003 ( (1.013250E+004 1.874650E-001) (1.013250E+005 1.819630E-001) (2.026500E+005 1.812180E-001) ))
(3.4800E+003 ( (1.013250E+004 1.889380E-001) (1.013250E+005 1.829250E-001) (2.026500E+005 1.821110E-001) ))
(3.5000E+003 ( (1.013250E+004 1.904700E-001) (1.013250E+005 1.839050E-001) (2.026500E+005 1.830150E-001) ))
(3.5200E+003 ( (1.013250E+004 1.920630E-001) (1.013250E+005 1.849020E-001) (2.026500E+005 1.839320E-001) ))
(3.5400E+003 ( (1.013250E+004 1.937230E-001) (1.013250E+005 1.859200E-001) (2.026500E+005 1.848630E-001) ))
(3.5600E+003 ( (1.013250E+004 1.954520E-001) (1.013250E+005 1.869590E-001) (2.026500E+005 1.858080E-001) ))
(3.5800E+003 ( (1.013250E+004 1.972570E-001) (1.013250E+005 1.880200E-001) (2.026500E+005 1.867680E-001) ))
(3.6000E+003 ( (1.013250E+004 1.991400E-001) (1.013250E+005 1.891060E-001) (2.026500E+005 1.877460E-001) ))
(3.6200E+003 ( (1.013250E+004 2.011080E-001) (1.013250E+005 1.902170E-001) (2.026500E+005 1.887410E-001) ))
(3.6400E+003 ( (1.013250E+004 2.031660E-001) (1.013250E+005 1.913560E-001) (2.026500E+005 1.897550E-001) ))
(3.6600E+003 ( (1.013250E+004 2.053180E-001) (1.013250E+005 1.925230E-001) (2.026500E+005 1.907890E-001) ))
(3.6800E+003 ( (1.013250E+004 2.075700E-001) (1.013250E+005 1.937220E-001) (2.026500E+005 1.918450E-001) ))
(3.7000E+003 ( (1.013250E+004 2.099290E-001) (1.013250E+005 1.949530E-001) (2.026500E+005 1.929230E-001) ))
(3.7200E+003 ( (1.013250E+004 2.124000E-001) (1.013250E+005 1.962190E-001) (2.026500E+005 1.940260E-001) ))
(3.7400E+003 ( (1.013250E+004 2.149900E-001) (1.013250E+005 1.975220E-001) (2.026500E+005 1.951540E-001) ))
(3.7600E+003 ( (1.013250E+004 2.177050E-001) (1.013250E+005 1.988630E-001) (2.026500E+005 1.963090E-001) ))
(3.7800E+003 ( (1.013250E+004 2.205520E-001) (1.013250E+005 2.002460E-001) (2.026500E+005 1.974920E-001) ))
(3.8000E+003 ( (1.013250E+004 2.235370E-001) (1.013250E+005 2.016710E-001) (2.026500E+005 1.987060E-001) ))
(3.8200E+003 ( (1.013250E+004 2.266690E-001) (1.013250E+005 2.031420E-001) (2.026500E+005 1.999520E-001) ))
(3.8400E+003 ( (1.013250E+004 2.299560E-001) (1.013250E+005 2.046620E-001) (2.026500E+005 2.012310E-001) ))
(3.8600E+003 ( (1.013250E+004 2.334040E-001) (1.013250E+005 2.062310E-001) (2.026500E+005 2.025460E-001) ))
(3.8800E+003 ( (1.013250E+004 2.370220E-001) (1.013250E+005 2.078540E-001) (2.026500E+005 2.038980E-001) ))
(3.9000E+003 ( (1.013250E+004 2.408180E-001) (1.013250E+005 2.095330E-001) (2.026500E+005 2.052890E-001) ))
(3.9200E+003 ( (1.013250E+004 2.448020E-001) (1.013250E+005 2.112710E-001) (2.026500E+005 2.067220E-001) ))
(3.9400E+003 ( (1.013250E+004 2.489820E-001) (1.013250E+005 2.130710E-001) (2.026500E+005 2.081980E-001) ))
(3.9600E+003 ( (1.013250E+004 2.533680E-001) (1.013250E+005 2.149350E-001) (2.026500E+005 2.097190E-001) ))
(3.9800E+003 ( (1.013250E+004 2.579680E-001) (1.013250E+005 2.168670E-001) (2.026500E+005 2.112880E-001) ))
(4.0000E+003 ( (1.013250E+004 2.627940E-001) (1.013250E+005 2.188700E-001) (2.026500E+005 2.129070E-001) ))
(4.0200E+003 ( (1.013250E+004 2.678550E-001) (1.013250E+005 2.209470E-001) (2.026500E+005 2.145780E-001) ))
(4.0400E+003 ( (1.013250E+004 2.731620E-001) (1.013250E+005 2.231020E-001) (2.026500E+005 2.163040E-001) ))
(4.0600E+003 ( (1.013250E+004 2.787250E-001) (1.013250E+005 2.253380E-001) (2.026500E+005 2.180870E-001) ))
(4.0800E+003 ( (1.013250E+004 2.845560E-001) (1.013250E+005 2.276590E-001) (2.026500E+005 2.199290E-001) ))
(4.1000E+003 ( (1.013250E+004 2.906660E-001) (1.013250E+005 2.300690E-001) (2.026500E+005 2.218350E-001) ))
(4.1200E+003 ( (1.013250E+004 2.970670E-001) (1.013250E+005 2.325710E-001) (2.026500E+005 2.238050E-001) ))
(4.1400E+003 ( (1.013250E+004 3.037700E-001) (1.013250E+005 2.351700E-001) (2.026500E+005 2.258440E-001) ))
(4.1600E+003 ( (1.013250E+004 3.107890E-001) (1.013250E+005 2.378690E-001) (2.026500E+005 2.279530E-001) ))
(4.1800E+003 ( (1.013250E+004 3.181350E-001) (1.013250E+005 2.406720E-001) (2.026500E+005 2.301360E-001) ))
(4.2000E+003 ( (1.013250E+004 3.258210E-001) (1.013250E+005 2.435850E-001) (2.026500E+005 2.323970E-001) ))
(4.2200E+003 ( (1.013250E+004 3.338610E-001) (1.013250E+005 2.466110E-001) (2.026500E+005 2.347370E-001) ))
(4.2400E+003 ( (1.013250E+004 3.422680E-001) (1.013250E+005 2.497550E-001) (2.026500E+005 2.371600E-001) ))
(4.2600E+003 ( (1.013250E+004 3.510560E-001) (1.013250E+005 2.530210E-001) (2.026500E+005 2.396700E-001) ))
(4.2800E+003 ( (1.013250E+004 3.602380E-001) (1.013250E+005 2.564140E-001) (2.026500E+005 2.422700E-001) ))
(4.3000E+003 ( (1.013250E+004 3.698290E-001) (1.013250E+005 2.599400E-001) (2.026500E+005 2.449640E-001) ))
(4.3200E+003 ( (1.013250E+004 3.798440E-001) (1.013250E+005 2.636020E-001) (2.026500E+005 2.477540E-001) ))
(4.3400E+003 ( (1.013250E+004 3.902960E-001) (1.013250E+005 2.674070E-001) (2.026500E+005 2.506450E-001) ))
(4.3600E+003 ( (1.013250E+004 4.012020E-001) (1.013250E+005 2.713580E-001) (2.026500E+005 2.536400E-001) ))
(4.3800E+003 ( (1.013250E+004 4.125760E-001) (1.013250E+005 2.754620E-001) (2.026500E+005 2.567430E-001) ))
(4.4000E+003 ( (1.013250E+004 4.244340E-001) (1.013250E+005 2.797240E-001) (2.026500E+005 2.599580E-001) ))
(4.4200E+003 ( (1.013250E+004 4.367910E-001) (1.013250E+005 2.841490E-001) (2.026500E+005 2.632890E-001) ))
(4.4400E+003 ( (1.013250E+004 4.496630E-001) (1.013250E+005 2.887430E-001) (2.026500E+005 2.667400E-001) ))
(4.4600E+003 ( (1.013250E+004 4.630650E-001) (1.013250E+005 2.935120E-001) (2.026500E+005 2.703140E-001) ))
(4.4800E+003 ( (1.013250E+004 4.770150E-001) (1.013250E+005 2.984620E-001) (2.026500E+005 2.740170E-001) ))
(4.5000E+003 ( (1.013250E+004 4.915280E-001) (1.013250E+005 3.035980E-001) (2.026500E+005 2.778530E-001) ))
(4.5200E+003 ( (1.013250E+004 5.066210E-001) (1.013250E+005 3.089260E-001) (2.026500E+005 2.818250E-001) ))
(4.5400E+003 ( (1.013250E+004 5.223100E-001) (1.013250E+005 3.144530E-001) (2.026500E+005 2.859380E-001) ))
(4.5600E+003 ( (1.013250E+004 5.386100E-001) (1.013250E+005 3.201850E-001) (2.026500E+005 2.901970E-001) ))
(4.5800E+003 ( (1.013250E+004 5.555400E-001) (1.013250E+005 3.261280E-001) (2.026500E+005 2.946070E-001) ))
(4.6000E+003 ( (1.013250E+004 5.731150E-001) (1.013250E+005 3.322880E-001) (2.026500E+005 2.991710E-001) ))
(4.6200E+003 ( (1.013250E+004 5.913520E-001) (1.013250E+005 3.386730E-001) (2.026500E+005 3.038960E-001) ))
(4.6400E+003 ( (1.013250E+004 6.102670E-001) (1.013250E+005 3.452880E-001) (2.026500E+005 3.087840E-001) ))
(4.6600E+003 ( (1.013250E+004 6.298760E-001) (1.013250E+005 3.521410E-001) (2.026500E+005 3.138420E-001) ))
(4.6800E+003 ( (1.013250E+004 6.501970E-001) (1.013250E+005 3.592380E-001) (2.026500E+005 3.190750E-001) ))
(4.7000E+003 ( (1.013250E+004 6.712430E-001) (1.013250E+005 3.665850E-001) (2.026500E+005 3.244860E-001) ))
(4.7200E+003 ( (1.013250E+004 6.930320E-001) (1.013250E+005 3.741910E-001) (2.026500E+005 3.300830E-001) ))
(4.7400E+003 ( (1.013250E+004 7.155790E-001) (1.013250E+005 3.820620E-001) (2.026500E+005 3.358690E-001) ))
(4.7600E+003 ( (1.013250E+004 7.388990E-001) (1.013250E+005 3.902050E-001) (2.026500E+005 3.418490E-001) ))
(4.7800E+003 ( (1.013250E+004 7.630080E-001) (1.013250E+005 3.986260E-001) (2.026500E+005 3.480300E-001) ))
(4.8000E+003 ( (1.013250E+004 7.879180E-001) (1.013250E+005 4.073350E-001) (2.026500E+005 3.544160E-001) ))
(4.8200E+003 ( (1.013250E+004 8.136450E-001) (1.013250E+005 4.163360E-001) (2.026500E+005 3.610130E-001) ))
(4.8400E+003 ( (1.013250E+004 8.402020E-001) (1.013250E+005 4.256390E-001) (2.026500E+005 3.678260E-001) ))
(4.8600E+003 ( (1.013250E+004 8.676020E-001) (1.013250E+005 4.352500E-001) (2.026500E+005 3.748600E-001) ))
(4.8800E+003 ( (1.013250E+004 8.958570E-001) (1.013250E+005 4.451760E-001) (2.026500E+005 3.821220E-001) ))
(4.9000E+003 ( (1.013250E+004 9.249790E-001) (1.013250E+005 4.554250E-001) (2.026500E+005 3.896170E-001) ))
(4.9200E+003 ( (1.013250E+004 9.549770E-001) (1.013250E+005 4.660040E-001) (2.026500E+005 3.973500E-001) ))
(4.9400E+003 ( (1.013250E+004 9.858640E-001) (1.013250E+005 4.769210E-001) (2.026500E+005 4.053270E-001) ))
(4.9600E+003 ( (1.013250E+004 1.017650E+000) (1.013250E+005 4.881830E-001) (2.026500E+005 4.135530E-001) ))
(4.9800E+003 ( (1.013250E+004 1.050330E+000) (1.013250E+005 4.997980E-001) (2.026500E+005 4.220350E-001) ))
(5.0000E+003 ( (1.013250E+004 1.083930E+000) (1.013250E+005 5.117720E-001) (2.026500E+005 4.307780E-001) ))
)