(
(3.0000E+002 ( (1.013250E+004 1.836940E-005) (1.013250E+005 1.836940E-005) (2.026500E+005 1.836940E-005) ))
(3.2000E+002 ( (1.013250E+004 1.919350E-005) (1.013250E+005 1.919350E-005) (2.026500E+005 1.919350E-005) ))
(3.4000E+002 ( (1.013250E+004 2.005050E-005) (1.013250E+005 2.005050E-005) (2.026500E+005 2.005050E-005) ))
(3.6000E+002 ( (1.013250E+004 2.094910E-005) (1.013250E+005 2.094910E-005) (2.026500E+005 2.094910E-005) ))
(3.8000E+002 ( (1.013250E+004 2.185780E-005) (1.013250E+005 2.185780E-005) (2.026500E+005 2.185780E-005) ))
(4.0000E+002 ( (1.013250E+004 2.264100E-005) (1.013250E+005 2.264100E-005) (2.026500E+005 2.264100E-005) ))
(4.2000E+002 ( (1.013250E+004 2.337400E-005) (1.013250E+005 2.337400E-005) (2.026500E+005 2.337400E-005) ))
(4.4000E+002 ( (1.013250E+004 2.410170E-005) (1.013250E+005 2.410170E-005) (2.026500E+005 2.410170E-005) ))
(4.6000E+002 ( (1.013250E+004 2.488000E-005) (1.013250E+005 2.488000E-005) (2.026500E+005 2.488000E-005) ))
(4.8000E+002 ( (1.013250E+004 2.566370E-005) (1.013250E+005 2.566370E-005) (2.026500E+005 2.566370E-005) ))
(5.0000E+002 ( (1.013250E+004 2.647890E-005) (1.013250E+005 2.647890E-005) (2.026500E+005 2.647890E-005) ))
(5.2000E+002 ( (1.013250E+004 2.718660E-005) (1.013250E+005 2.718660E-005) (2.026500E+005 2.718660E-005) ))
(5.4000E+002 ( (1.013250E+004 2.786180E-005) (1.013250E+005 2.786180E-005) (2.026500E+005 2.786180E-005) ))
(5.6000E+002 ( (1.013250E+004 2.851410E-005) (1.013250E+005 2.851410E-005) (2.026500E+005 2.851410E-005) ))
(5.8000E+002 ( (1.013250E+004 2.916610E-005) (1.013250E+005 2.916610E-005) (2.026500E+005 2.916610E-005) ))
(6.0000E+002 ( (1.013250E+004 2.983720E-005) (1.013250E+005 2.983720E-005) (2.026500E+005 2.983720E-005) ))
(6.2000E+002 ( (1.013250E+004 3.052450E-005) (1.013250E+005 3.052450E-005) (2.026500E+005 3.052450E-005) ))
(6.4000E+002 ( (1.013250E+004 3.121180E-005) (1.013250E+005 3.121180E-005) (2.026500E+005 3.121180E-005) ))
(6.6000E+002 ( (1.013250E+004 3.195040E-005) (1.013250E+005 3.195040E-005) (2.026500E+005 3.195040E-005) ))
(6.8000E+002 ( (1.013250E+004 3.258600E-005) (1.013250E+005 3.258600E-005) (2.026500E+005 3.258600E-005) ))
(7.0000E+002 ( (1.013250E+004 3.320280E-005) (1.013250E+005 3.320280E-005) (2.026500E+005 3.320280E-005) ))
(7.2000E+002 ( (1.013250E+004 3.380160E-005) (1.013250E+005 3.380160E-005) (2.026500E+005 3.380160E-005) ))
(7.4000E+002 ( (1.013250E+004 3.438570E-005) (1.013250E+005 3.438570E-005) (2.026500E+005 3.438570E-005) ))
(7.6000E+002 ( (1.013250E+004 3.497780E-005) (1.013250E+005 3.497780E-005) (2.026500E+005 3.497780E-005) ))
(7.8000E+002 ( (1.013250E+004 3.555830E-005) (1.013250E+005 3.555830E-005) (2.026500E+005 3.555830E-005) ))
(8.0000E+002 ( (1.013250E+004 3.616120E-005) (1.013250E+005 3.616120E-005) (2.026500E+005 3.616120E-005) ))
(8.2000E+002 ( (1.013250E+004 3.677140E-005) (1.013250E+005 3.677140E-005) (2.026500E+005 3.677140E-005) ))
(8.4000E+002 ( (1.013250E+004 3.738230E-005) (1.013250E+005 3.738230E-005) (2.026500E+005 3.738230E-005) ))
(8.6000E+002 ( (1.013250E+004 3.798780E-005) (1.013250E+005 3.798780E-005) (2.026500E+005 3.798780E-005) ))
(8.8000E+002 ( (1.013250E+004 3.865620E-005) (1.013250E+005 3.865620E-005) (2.026500E+005 3.865620E-005) ))
(9.0000E+002 ( (1.013250E+004 3.922330E-005) (1.013250E+005 3.922330E-005) (2.026500E+005 3.922330E-005) ))
(9.2000E+002 ( (1.013250E+004 3.977960E-005) (1.013250E+005 3.977960E-005) (2.026500E+005 3.977960E-005) ))
(9.4000E+002 ( (1.013250E+004 4.032530E-005) (1.013250E+005 4.032530E-005) (2.026500E+005 4.032530E-005) ))
(9.6000E+002 ( (1.013250E+004 4.086070E-005) (1.013250E+005 4.086070E-005) (2.026500E+005 4.086070E-005) ))
(9.8000E+002 ( (1.013250E+004 4.138610E-005) (1.013250E+005 4.138610E-005) (2.026500E+005 4.138610E-005) ))
(1.0000E+003 ( (1.013250E+004 4.191850E-005) (1.013250E+005 4.191850E-005) (2.026500E+005 4.191850E-005) ))
(1.0200E+003 ( (1.013250E+004 4.245110E-005) (1.013250E+005 4.245110E-005) (2.026500E+005 4.245110E-005) ))
(1.0400E+003 ( (1.013250E+004 4.297500E-005) (1.013250E+005 4.297500E-005) (2.026500E+005 4.297500E-005) ))
(1.0600E+003 ( (1.013250E+004 4.350690E-005) (1.013250E+005 4.350690E-005) (2.026500E+005 4.350690E-005) ))
(1.0800E+003 ( (1.013250E+004 4.405760E-005) (1.013250E+005 4.405760E-005) (2.026500E+005 4.405760E-005) ))
(1.1000E+003 ( (1.013250E+004 4.460160E-005) (1.013250E+005 4.460160E-005) (2.026500E+005 4.460160E-005) ))
(1.1200E+003 ( (1.013250E+004 4.514690E-005) (1.013250E+005 4.514690E-005) (2.026500E+005 4.514690E-005) ))
(1.1400E+003 ( (1.013250E+004 4.568900E-005) (1.013250E+005 4.568900E-005) (2.026500E+005 4.568900E-005) ))
(1.1600E+003 ( (1.013250E+004 4.631810E-005) (1.013250E+005 4.631810E-005) (2.026500E+005 4.631810E-005) ))
(1.1800E+003 ( (1.013250E+004 4.683130E-005) (1.013250E+005 4.683130E-005) (2.026500E+005 4.683130E-005) ))
(1.2000E+003 ( (1.013250E+004 4.733790E-005) (1.013250E+005 4.733790E-005) (2.026500E+005 4.733790E-005) ))
(1.2200E+003 ( (1.013250E+004 4.783800E-005) (1.013250E+005 4.783800E-005) (2.026500E+005 4.783800E-005) ))
(1.2400E+003 ( (1.013250E+004 4.833160E-005) (1.013250E+005 4.833160E-005) (2.026500E+005 4.833160E-005) ))
(1.2600E+003 ( (1.013250E+004 4.881910E-005) (1.013250E+005 4.881910E-005) (2.026500E+005 4.881910E-005) ))
(1.2800E+003 ( (1.013250E+004 4.930040E-005) (1.013250E+005 4.930040E-005) (2.026500E+005 4.930040E-005) ))
(1.3000E+003 ( (1.013250E+004 4.977570E-005) (1.013250E+005 4.977570E-005) (2.026500E+005 4.977570E-005) ))
(1.3200E+003 ( (1.013250E+004 5.025310E-005) (1.013250E+005 5.025310E-005) (2.026500E+005 5.025310E-005) ))
(1.3400E+003 ( (1.013250E+004 5.073620E-005) (1.013250E+005 5.073620E-005) (2.026500E+005 5.073620E-005) ))
(1.3600E+003 ( (1.013250E+004 5.121690E-005) (1.013250E+005 5.121690E-005) (2.026500E+005 5.121690E-005) ))
(1.3800E+003 ( (1.013250E+004 5.174110E-005) (1.013250E+005 5.174110E-005) (2.026500E+005 5.174110E-005) ))
(1.4000E+003 ( (1.013250E+004 5.222800E-005) (1.013250E+005 5.222800E-005) (2.026500E+005 5.222800E-005) ))
(1.4200E+003 ( (1.013250E+004 5.271240E-005) (1.013250E+005 5.271240E-005) (2.026500E+005 5.271240E-005) ))
(1.4400E+003 ( (1.013250E+004 5.319430E-005) (1.013250E+005 5.319430E-005) (2.026500E+005 5.319430E-005) ))
(1.4600E+003 ( (1.013250E+004 5.367380E-005) (1.013250E+005 5.367380E-005) (2.026500E+005 5.367380E-005) ))
(1.4800E+003 ( (1.013250E+004 5.415100E-005) (1.013250E+005 5.415100E-005) (2.026500E+005 5.415100E-005) ))
(1.5000E+003 ( (1.013250E+004 5.462580E-005) (1.013250E+005 5.462580E-005) (2.026500E+005 5.462580E-005) ))
(1.5200E+003 ( (1.013250E+004 5.509840E-005) (1.013250E+005 5.509840E-005) (2.026500E+005 5.509840E-005) ))
(1.5400E+003 ( (1.013250E+004 5.556880E-005) (1.013250E+005 5.556880E-005) (2.026500E+005 5.556880E-005) ))
(1.5600E+003 ( (1.013250E+004 5.603700E-005) (1.013250E+005 5.603700E-005) (2.026500E+005 5.603700E-005) ))
(1.5800E+003 ( (1.013250E+004 5.650300E-005) (1.013250E+005 5.650300E-005) (2.026500E+005 5.650300E-005) ))
(1.6000E+003 ( (1.013250E+004 5.696700E-005) (1.013250E+005 5.696700E-005) (2.026500E+005 5.696700E-005) ))
(1.6200E+003 ( (1.013250E+004 5.742880E-005) (1.013250E+005 5.742880E-005) (2.026500E+005 5.742880E-005) ))
(1.6400E+003 ( (1.013250E+004 5.788870E-005) (1.013250E+005 5.788870E-005) (2.026500E+005 5.788870E-005) ))
(1.6600E+003 ( (1.013250E+004 5.834660E-005) (1.013250E+005 5.834660E-005) (2.026500E+005 5.834660E-005) ))
(1.6800E+003 ( (1.013250E+004 5.880250E-005) (1.013250E+005 5.880250E-005) (2.026500E+005 5.880250E-005) ))
(1.7000E+003 ( (1.013250E+004 5.925650E-005) (1.013250E+005 5.925650E-005) (2.026500E+005 5.925650E-005) ))
(1.7200E+003 ( (1.013250E+004 5.970860E-005) (1.013250E+005 5.970860E-005) (2.026500E+005 5.970860E-005) ))
(1.7400E+003 ( (1.013250E+004 6.015890E-005) (1.013250E+005 6.015890E-005) (2.026500E+005 6.015890E-005) ))
(1.7600E+003 ( (1.013250E+004 6.060730E-005) (1.013250E+005 6.060730E-005) (2.026500E+005 6.060730E-005) ))
(1.7800E+003 ( (1.013250E+004 6.105390E-005) (1.013250E+005 6.105390E-005) (2.026500E+005 6.105390E-005) ))
(1.8000E+003 ( (1.013250E+004 6.149880E-005) (1.013250E+005 6.149880E-005) (2.026500E+005 6.149880E-005) ))
(1.8200E+003 ( (1.013250E+004 6.194190E-005) (1.013250E+005 6.194190E-005) (2.026500E+005 6.194190E-005) ))
(1.8400E+003 ( (1.013250E+004 6.238330E-005) (1.013250E+005 6.238330E-005) (2.026500E+005 6.238330E-005) ))
(1.8600E+003 ( (1.013250E+004 6.282300E-005) (1.013250E+005 6.282300E-005) (2.026500E+005 6.282300E-005) ))
(1.8800E+003 ( (1.013250E+004 6.326110E-005) (1.013250E+005 6.326110E-005) (2.026500E+005 6.326110E-005) ))
(1.9000E+003 ( (1.013250E+004 6.369750E-005) (1.013250E+005 6.369750E-005) (2.026500E+005 6.369750E-005) ))
(1.9200E+003 ( (1.013250E+004 6.413240E-005) (1.013250E+005 6.413240E-005) (2.026500E+005 6.413240E-005) ))
(1.9400E+003 ( (1.013250E+004 6.456560E-005) (1.013250E+005 6.456560E-005) (2.026500E+005 6.456560E-005) ))
(1.9600E+003 ( (1.013250E+004 6.499730E-005) (1.013250E+005 6.499730E-005) (2.026500E+005 6.499730E-005) ))
(1.9800E+003 ( (1.013250E+004 6.542740E-005) (1.013250E+005 6.542740E-005) (2.026500E+005 6.542740E-005) ))
(2.0000E+003 ( (1.013250E+004 6.585600E-005) (1.013250E+005 6.585600E-005) (2.026500E+005 6.585600E-005) ))
(2.0200E+003 ( (1.013250E+004 6.628310E-005) (1.013250E+005 6.628310E-005) (2.026500E+005 6.628310E-005) ))
(2.0400E+003 ( (1.013250E+004 6.670880E-005) (1.013250E+005 6.670880E-005) (2.026500E+005 6.670880E-005) ))
(2.0600E+003 ( (1.013250E+004 6.713290E-005) (1.013250E+005 6.713290E-005) (2.026500E+005 6.713290E-005) ))
(2.0800E+003 ( (1.013250E+004 6.755570E-005) (1.013250E+005 6.755570E-005) (2.026500E+005 6.755570E-005) ))
(2.1000E+003 ( (1.013250E+004 6.797700E-005) (1.013250E+005 6.797700E-005) (2.026500E+005 6.797700E-005) ))
(2.1200E+003 ( (1.013250E+004 6.839700E-005) (1.013250E+005 6.839700E-005) (2.026500E+005 6.839700E-005) ))
(2.1400E+003 ( (1.013250E+004 6.881550E-005) (1.013250E+005 6.881550E-005) (2.026500E+005 6.881550E-005) ))
(2.1600E+003 ( (1.013250E+004 6.923270E-005) (1.013250E+005 6.923270E-005) (2.026500E+005 6.923270E-005) ))
(2.1800E+003 ( (1.013250E+004 6.964860E-005) (1.013250E+005 6.964860E-005) (2.026500E+005 6.964860E-005) ))
(2.2000E+003 ( (1.013250E+004 7.006310E-005) (1.013250E+005 7.006310E-005) (2.026500E+005 7.006310E-005) ))
(2.2200E+003 ( (1.013250E+004 7.047630E-005) (1.013250E+005 7.047630E-005) (2.026500E+005 7.047630E-005) ))
(2.2400E+003 ( (1.013250E+004 7.088820E-005) (1.013250E+005 7.088820E-005) (2.026500E+005 7.088820E-005) ))
(2.2600E+003 ( (1.013250E+004 7.129890E-005) (1.013250E+005 7.129890E-005) (2.026500E+005 7.129890E-005) ))
(2.2800E+003 ( (1.013250E+004 7.170830E-005) (1.013250E+005 7.170830E-005) (2.026500E+005 7.170830E-005) ))
(2.3000E+003 ( (1.013250E+004 7.211640E-005) (1.013250E+005 7.211640E-005) (2.026500E+005 7.211640E-005) ))
(2.3200E+003 ( (1.013250E+004 7.252340E-005) (1.013250E+005 7.252340E-005) (2.026500E+005 7.252340E-005) ))
(2.3400E+003 ( (1.013250E+004 7.292910E-005) (1.013250E+005 7.292910E-005) (2.026500E+005 7.292910E-005) ))
(2.3600E+003 ( (1.013250E+004 7.333360E-005) (1.013250E+005 7.333360E-005) (2.026500E+005 7.333360E-005) ))
(2.3800E+003 ( (1.013250E+004 7.373690E-005) (1.013250E+005 7.373690E-005) (2.026500E+005 7.373690E-005) ))
(2.4000E+003 ( (1.013250E+004 7.413900E-005) (1.013250E+005 7.413900E-005) (2.026500E+005 7.413900E-005) ))
(2.4200E+003 ( (1.013250E+004 7.454000E-005) (1.013250E+005 7.454000E-005) (2.026500E+005 7.454000E-005) ))
(2.4400E+003 ( (1.013250E+004 7.493990E-005) (1.013250E+005 7.493990E-005) (2.026500E+005 7.493990E-005) ))
(2.4600E+003 ( (1.013250E+004 7.533860E-005) (1.013250E+005 7.533860E-005) (2.026500E+005 7.533860E-005) ))
(2.4800E+003 ( (1.013250E+004 7.573620E-005) (1.013250E+005 7.573620E-005) (2.026500E+005 7.573620E-005) ))
(2.5000E+003 ( (1.013250E+004 7.613270E-005) (1.013250E+005 7.613270E-005) (2.026500E+005 7.613270E-005) ))
(2.5200E+003 ( (1.013250E+004 7.652810E-005) (1.013250E+005 7.652810E-005) (2.026500E+005 7.652810E-005) ))
(2.5400E+003 ( (1.013250E+004 7.692240E-005) (1.013250E+005 7.692240E-005) (2.026500E+005 7.692240E-005) ))
(2.5600E+003 ( (1.013250E+004 7.731570E-005) (1.013250E+005 7.731570E-005) (2.026500E+005 7.731570E-005) ))
(2.5800E+003 ( (1.013250E+004 7.770780E-005) (1.013250E+005 7.770790E-005) (2.026500E+005 7.770790E-005) ))
(2.6000E+003 ( (1.013250E+004 7.809900E-005) (1.013250E+005 7.809900E-005) (2.026500E+005 7.809900E-005) ))
(2.6200E+003 ( (1.013250E+004 7.848910E-005) (1.013250E+005 7.848910E-005) (2.026500E+005 7.848910E-005) ))
(2.6400E+003 ( (1.013250E+004 7.887820E-005) (1.013250E+005 7.887820E-005) (2.026500E+005 7.887820E-005) ))
(2.6600E+003 ( (1.013250E+004 7.926620E-005) (1.013250E+005 7.926630E-005) (2.026500E+005 7.926630E-005) ))
(2.6800E+003 ( (1.013250E+004 7.965330E-005) (1.013250E+005 7.965330E-005) (2.026500E+005 7.965330E-005) ))
(2.7000E+003 ( (1.013250E+004 8.003940E-005) (1.013250E+005 8.003940E-005) (2.026500E+005 8.003940E-005) ))
(2.7200E+003 ( (1.013250E+004 8.042450E-005) (1.013250E+005 8.042450E-005) (2.026500E+005 8.042450E-005) ))
(2.7400E+003 ( (1.013250E+004 8.080860E-005) (1.013250E+005 8.080860E-005) (2.026500E+005 8.080860E-005) ))
(2.7600E+003 ( (1.013250E+004 8.119170E-005) (1.013250E+005 8.119180E-005) (2.026500E+005 8.119180E-005) ))
(2.7800E+003 ( (1.013250E+004 8.157390E-005) (1.013250E+005 8.157400E-005) (2.026500E+005 8.157400E-005) ))
(2.8000E+003 ( (1.013250E+004 8.195520E-005) (1.013250E+005 8.195520E-005) (2.026500E+005 8.195530E-005) ))
(2.8200E+003 ( (1.013250E+004 8.233550E-005) (1.013250E+005 8.233560E-005) (2.026500E+005 8.233560E-005) ))
(2.8400E+003 ( (1.013250E+004 8.271490E-005) (1.013250E+005 8.271500E-005) (2.026500E+005 8.271500E-005) ))
(2.8600E+003 ( (1.013250E+004 8.309330E-005) (1.013250E+005 8.309350E-005) (2.026500E+005 8.309350E-005) ))
(2.8800E+003 ( (1.013250E+004 8.347090E-005) (1.013250E+005 8.347100E-005) (2.026500E+005 8.347100E-005) ))
(2.9000E+003 ( (1.013250E+004 8.384760E-005) (1.013250E+005 8.384770E-005) (2.026500E+005 8.384770E-005) ))
(2.9200E+003 ( (1.013250E+004 8.422330E-005) (1.013250E+005 8.422350E-005) (2.026500E+005 8.422350E-005) ))
(2.9400E+003 ( (1.013250E+004 8.459820E-005) (1.013250E+005 8.459840E-005) (2.026500E+005 8.459840E-005) ))
(2.9600E+003 ( (1.013250E+004 8.497220E-005) (1.013250E+005 8.497240E-005) (2.026500E+005 8.497250E-005) ))
(2.9800E+003 ( (1.013250E+004 8.534530E-005) (1.013250E+005 8.534560E-005) (2.026500E+005 8.534560E-005) ))
(3.0000E+003 ( (1.013250E+004 8.571760E-005) (1.013250E+005 8.571790E-005) (2.026500E+005 8.571790E-005) ))
(3.0200E+003 ( (1.013250E+004 8.608900E-005) (1.013250E+005 8.608930E-005) (2.026500E+005 8.608940E-005) ))
(3.0400E+003 ( (1.013250E+004 8.645960E-005) (1.013250E+005 8.646000E-005) (2.026500E+005 8.646000E-005) ))
(3.0600E+003 ( (1.013250E+004 8.682930E-005) (1.013250E+005 8.682970E-005) (2.026500E+005 8.682980E-005) ))
(3.0800E+003 ( (1.013250E+004 8.719820E-005) (1.013250E+005 8.719870E-005) (2.026500E+005 8.719870E-005) ))
(3.1000E+003 ( (1.013250E+004 8.756630E-005) (1.013250E+005 8.756680E-005) (2.026500E+005 8.756690E-005) ))
(3.1200E+003 ( (1.013250E+004 8.793350E-005) (1.013250E+005 8.793410E-005) (2.026500E+005 8.793420E-005) ))
(3.1400E+003 ( (1.013250E+004 8.829990E-005) (1.013250E+005 8.830060E-005) (2.026500E+005 8.830070E-005) ))
(3.1600E+003 ( (1.013250E+004 8.866550E-005) (1.013250E+005 8.866630E-005) (2.026500E+005 8.866640E-005) ))
(3.1800E+003 ( (1.013250E+004 8.903030E-005) (1.013250E+005 8.903120E-005) (2.026500E+005 8.903130E-005) ))
(3.2000E+003 ( (1.013250E+004 8.939430E-005) (1.013250E+005 8.939530E-005) (2.026500E+005 8.939550E-005) ))
(3.2200E+003 ( (1.013250E+004 8.975750E-005) (1.013250E+005 8.975870E-005) (2.026500E+005 8.975880E-005) ))
(3.2400E+003 ( (1.013250E+004 9.012000E-005) (1.013250E+005 9.012120E-005) (2.026500E+005 9.012140E-005) ))
(3.2600E+003 ( (1.013250E+004 9.048160E-005) (1.013250E+005 9.048300E-005) (2.026500E+005 9.048320E-005) ))
(3.2800E+003 ( (1.013250E+004 9.084240E-005) (1.013250E+005 9.084410E-005) (2.026500E+005 9.084430E-005) ))
(3.3000E+003 ( (1.013250E+004 9.120250E-005) (1.013250E+005 9.120430E-005) (2.026500E+005 9.120460E-005) ))
(3.3200E+003 ( (1.013250E+004 9.156180E-005) (1.013250E+005 9.156380E-005) (2.026500E+005 9.156410E-005) ))
(3.3400E+003 ( (1.013250E+004 9.192040E-005) (1.013250E+005 9.192260E-005) (2.026500E+005 9.192290E-005) ))
(3.3600E+003 ( (1.013250E+004 9.227810E-005) (1.013250E+005 9.228060E-005) (2.026500E+005 9.228100E-005) ))
(3.3800E+003 ( (1.013250E+004 9.263510E-005) (1.013250E+005 9.263790E-005) (2.026500E+005 9.263830E-005) ))
(3.4000E+003 ( (1.013250E+004 9.299140E-005) (1.013250E+005 9.299450E-005) (2.026500E+005 9.299490E-005) ))
(3.4200E+003 ( (1.013250E+004 9.334690E-005) (1.013250E+005 9.335030E-005) (2.026500E+005 9.335070E-005) ))
(3.4400E+003 ( (1.013250E+004 9.370160E-005) (1.013250E+005 9.370540E-005) (2.026500E+005 9.370590E-005) ))
(3.4600E+003 ( (1.013250E+004 9.405560E-005) (1.013250E+005 9.405980E-005) (2.026500E+005 9.406030E-005) ))
(3.4800E+003 ( (1.013250E+004 9.440880E-005) (1.013250E+005 9.441340E-005) (2.026500E+005 9.441410E-005) ))
(3.5000E+003 ( (1.013250E+004 9.476130E-005) (1.013250E+005 9.476640E-005) (2.026500E+005 9.476710E-005) ))
(3.5200E+003 ( (1.013250E+004 9.511300E-005) (1.013250E+005 9.511860E-005) (2.026500E+005 9.511940E-005) ))
(3.5400E+003 ( (1.013250E+004 9.546390E-005) (1.013250E+005 9.547020E-005) (2.026500E+005 9.547100E-005) ))
(3.5600E+003 ( (1.013250E+004 9.581420E-005) (1.013250E+005 9.582100E-005) (2.026500E+005 9.582200E-005) ))
(3.5800E+003 ( (1.013250E+004 9.616360E-005) (1.013250E+005 9.617120E-005) (2.026500E+005 9.617220E-005) ))
(3.6000E+003 ( (1.013250E+004 9.651230E-005) (1.013250E+005 9.652060E-005) (2.026500E+005 9.652180E-005) ))
(3.6200E+003 ( (1.013250E+004 9.686030E-005) (1.013250E+005 9.686940E-005) (2.026500E+005 9.687060E-005) ))
(3.6400E+003 ( (1.013250E+004 9.720750E-005) (1.013250E+005 9.721750E-005) (2.026500E+005 9.721880E-005) ))
(3.6600E+003 ( (1.013250E+004 9.755390E-005) (1.013250E+005 9.756490E-005) (2.026500E+005 9.756640E-005) ))
(3.6800E+003 ( (1.013250E+004 9.789960E-005) (1.013250E+005 9.791160E-005) (2.026500E+005 9.791320E-005) ))
(3.7000E+003 ( (1.013250E+004 9.824450E-005) (1.013250E+005 9.825760E-005) (2.026500E+005 9.825940E-005) ))
(3.7200E+003 ( (1.013250E+004 9.858870E-005) (1.013250E+005 9.860300E-005) (2.026500E+005 9.860490E-005) ))
(3.7400E+003 ( (1.013250E+004 9.893200E-005) (1.013250E+005 9.894770E-005) (2.026500E+005 9.894980E-005) ))
(3.7600E+003 ( (1.013250E+004 9.927460E-005) (1.013250E+005 9.929170E-005) (2.026500E+005 9.929400E-005) ))
(3.7800E+003 ( (1.013250E+004 9.961640E-005) (1.013250E+005 9.963500E-005) (2.026500E+005 9.963750E-005) ))
(3.8000E+003 ( (1.013250E+004 9.995740E-005) (1.013250E+005 9.997770E-005) (2.026500E+005 9.998040E-005) ))
(3.8200E+003 ( (1.013250E+004 1.002980E-004) (1.013250E+005 1.003200E-004) (2.026500E+005 1.003230E-004) ))
(3.8400E+003 ( (1.013250E+004 1.006370E-004) (1.013250E+005 1.006610E-004) (2.026500E+005 1.006640E-004) ))
(3.8600E+003 ( (1.013250E+004 1.009760E-004) (1.013250E+005 1.010020E-004) (2.026500E+005 1.010050E-004) ))
(3.8800E+003 ( (1.013250E+004 1.013130E-004) (1.013250E+005 1.013420E-004) (2.026500E+005 1.013450E-004) ))
(3.9000E+003 ( (1.013250E+004 1.016500E-004) (1.013250E+005 1.016810E-004) (2.026500E+005 1.016850E-004) ))
(3.9200E+003 ( (1.013250E+004 1.019860E-004) (1.013250E+005 1.020200E-004) (2.026500E+005 1.020240E-004) ))
(3.9400E+003 ( (1.013250E+004 1.023220E-004) (1.013250E+005 1.023570E-004) (2.026500E+005 1.023620E-004) ))
(3.9600E+003 ( (1.013250E+004 1.026560E-004) (1.013250E+005 1.026950E-004) (2.026500E+005 1.027000E-004) ))
(3.9800E+003 ( (1.013250E+004 1.029900E-004) (1.013250E+005 1.030310E-004) (2.026500E+005 1.030370E-004) ))
(4.0000E+003 ( (1.013250E+004 1.033220E-004) (1.013250E+005 1.033670E-004) (2.026500E+005 1.033730E-004) ))
(4.0200E+003 ( (1.013250E+004 1.036540E-004) (1.013250E+005 1.037030E-004) (2.026500E+005 1.037090E-004) ))
(4.0400E+003 ( (1.013250E+004 1.039850E-004) (1.013250E+005 1.040370E-004) (2.026500E+005 1.040440E-004) ))
(4.0600E+003 ( (1.013250E+004 1.043150E-004) (1.013250E+005 1.043710E-004) (2.026500E+005 1.043790E-004) ))
(4.0800E+003 ( (1.013250E+004 1.046430E-004) (1.013250E+005 1.047040E-004) (2.026500E+005 1.047130E-004) ))
(4.1000E+003 ( (1.013250E+004 1.049710E-004) (1.013250E+005 1.050370E-004) (2.026500E+005 1.050460E-004) ))
(4.1200E+003 ( (1.013250E+004 1.052980E-004) (1.013250E+005 1.053690E-004) (2.026500E+005 1.053780E-004) ))
(4.1400E+003 ( (1.013250E+004 1.056240E-004) (1.013250E+005 1.057000E-004) (2.026500E+005 1.057100E-004) ))
(4.1600E+003 ( (1.013250E+004 1.059490E-004) (1.013250E+005 1.060300E-004) (2.026500E+005 1.060410E-004) ))
(4.1800E+003 ( (1.013250E+004 1.062730E-004) (1.013250E+005 1.063600E-004) (2.026500E+005 1.063720E-004) ))
(4.2000E+003 ( (1.013250E+004 1.065960E-004) (1.013250E+005 1.066890E-004) (2.026500E+005 1.067020E-004) ))
(4.2200E+003 ( (1.013250E+004 1.069170E-004) (1.013250E+005 1.070170E-004) (2.026500E+005 1.070310E-004) ))
(4.2400E+003 ( (1.013250E+004 1.072380E-004) (1.013250E+005 1.073450E-004) (2.026500E+005 1.073590E-004) ))
(4.2600E+003 ( (1.013250E+004 1.075570E-004) (1.013250E+005 1.076720E-004) (2.026500E+005 1.076870E-004) ))
(4.2800E+003 ( (1.013250E+004 1.078750E-004) (1.013250E+005 1.079980E-004) (2.026500E+005 1.080140E-004) ))
(4.3000E+003 ( (1.013250E+004 1.081920E-004) (1.013250E+005 1.083230E-004) (2.026500E+005 1.083410E-004) ))
(4.3200E+003 ( (1.013250E+004 1.085080E-004) (1.013250E+005 1.086480E-004) (2.026500E+005 1.086670E-004) ))
(4.3400E+003 ( (1.013250E+004 1.088230E-004) (1.013250E+005 1.089720E-004) (2.026500E+005 1.089920E-004) ))
(4.3600E+003 ( (1.013250E+004 1.091360E-004) (1.013250E+005 1.092950E-004) (2.026500E+005 1.093160E-004) ))
(4.3800E+003 ( (1.013250E+004 1.094480E-004) (1.013250E+005 1.096170E-004) (2.026500E+005 1.096400E-004) ))
(4.4000E+003 ( (1.013250E+004 1.097580E-004) (1.013250E+005 1.099380E-004) (2.026500E+005 1.099630E-004) ))
(4.4200E+003 ( (1.013250E+004 1.100670E-004) (1.013250E+005 1.102590E-004) (2.026500E+005 1.102850E-004) ))
(4.4400E+003 ( (1.013250E+004 1.103750E-004) (1.013250E+005 1.105790E-004) (2.026500E+005 1.106070E-004) ))
(4.4600E+003 ( (1.013250E+004 1.106810E-004) (1.013250E+005 1.108980E-004) (2.026500E+005 1.109280E-004) ))
(4.4800E+003 ( (1.013250E+004 1.109860E-004) (1.013250E+005 1.112170E-004) (2.026500E+005 1.112480E-004) ))
(4.5000E+003 ( (1.013250E+004 1.112890E-004) (1.013250E+005 1.115340E-004) (2.026500E+005 1.115680E-004) ))
(4.5200E+003 ( (1.013250E+004 1.115900E-004) (1.013250E+005 1.118510E-004) (2.026500E+005 1.118860E-004) ))
(4.5400E+003 ( (1.013250E+004 1.118900E-004) (1.013250E+005 1.121660E-004) (2.026500E+005 1.122040E-004) ))
(4.5600E+003 ( (1.013250E+004 1.121880E-004) (1.013250E+005 1.124810E-004) (2.026500E+005 1.125210E-004) ))
(4.5800E+003 ( (1.013250E+004 1.124850E-004) (1.013250E+005 1.127950E-004) (2.026500E+005 1.128380E-004) ))
(4.6000E+003 ( (1.013250E+004 1.127790E-004) (1.013250E+005 1.131080E-004) (2.026500E+005 1.131530E-004) ))
(4.6200E+003 ( (1.013250E+004 1.130720E-004) (1.013250E+005 1.134200E-004) (2.026500E+005 1.134680E-004) ))
(4.6400E+003 ( (1.013250E+004 1.133630E-004) (1.013250E+005 1.137320E-004) (2.026500E+005 1.137820E-004) ))
(4.6600E+003 ( (1.013250E+004 1.136520E-004) (1.013250E+005 1.140420E-004) (2.026500E+005 1.140960E-004) ))
(4.6800E+003 ( (1.013250E+004 1.139400E-004) (1.013250E+005 1.143510E-004) (2.026500E+005 1.144080E-004) ))
(4.7000E+003 ( (1.013250E+004 1.142250E-004) (1.013250E+005 1.146590E-004) (2.026500E+005 1.147190E-004) ))
(4.7200E+003 ( (1.013250E+004 1.145080E-004) (1.013250E+005 1.149670E-004) (2.026500E+005 1.150300E-004) ))
(4.7400E+003 ( (1.013250E+004 1.147890E-004) (1.013250E+005 1.152730E-004) (2.026500E+005 1.153400E-004) ))
(4.7600E+003 ( (1.013250E+004 1.150680E-004) (1.013250E+005 1.155780E-004) (2.026500E+005 1.156490E-004) ))
(4.7800E+003 ( (1.013250E+004 1.153440E-004) (1.013250E+005 1.158830E-004) (2.026500E+005 1.159570E-004) ))
(4.8000E+003 ( (1.013250E+004 1.156180E-004) (1.013250E+005 1.161860E-004) (2.026500E+005 1.162640E-004) ))
(4.8200E+003 ( (1.013250E+004 1.158900E-004) (1.013250E+005 1.164880E-004) (2.026500E+005 1.165710E-004) ))
(4.8400E+003 ( (1.013250E+004 1.161600E-004) (1.013250E+005 1.167890E-004) (2.026500E+005 1.168760E-004) ))
(4.8600E+003 ( (1.013250E+004 1.164270E-004) (1.013250E+005 1.170880E-004) (2.026500E+005 1.171800E-004) ))
(4.8800E+003 ( (1.013250E+004 1.166920E-004) (1.013250E+005 1.173870E-004) (2.026500E+005 1.174840E-004) ))
(4.9000E+003 ( (1.013250E+004 1.169540E-004) (1.013250E+005 1.176840E-004) (2.026500E+005 1.177860E-004) ))
(4.9200E+003 ( (1.013250E+004 1.172130E-004) (1.013250E+005 1.179800E-004) (2.026500E+005 1.180880E-004) ))
(4.9400E+003 ( (1.013250E+004 1.174700E-004) (1.013250E+005 1.182750E-004) (2.026500E+005 1.183880E-004) ))
(4.9600E+003 ( (1.013250E+004 1.177240E-004) (1.013250E+005 1.185690E-004) (2.026500E+005 1.186880E-004) ))
(4.9800E+003 ( (1.013250E+004 1.179750E-004) (1.013250E+005 1.188620E-004) (2.026500E+005 1.189860E-004) ))
(5.0000E+003 ( (1.013250E+004 1.182240E-004) (1.013250E+005 1.191530E-004) (2.026500E+005 1.192840E-004) ))
)